,datetime,sentence,positive,negative,neutral,global_sentiment,avg_sentiment
0,2012-11-22 22:45:00,Advanced Micro Devices Inc. ( AMD ) announced that it is supplying custom AMD Radeon HD GPUs to Nintendo 's ( NTDOY ) newly-launched Wii U home consoles.,0.5043630599975586,0.0092270253226161,0.48640987277030945,positive,0.495136022567749
1,2012-11-22 22:45:00,This custom graphic processing unit (GPU) will enable Wii U to support high-definition (HD) video for games.,0.4720403254032135,0.008921533823013306,0.5190381407737732,neutral,0.4631187915802002
2,2012-11-22 22:45:00,The Wii U is Nintendo's first offering with HD graphics.,0.26603370904922485,0.007363980636000633,0.72660231590271,neutral,0.25866973400115967
3,2012-11-22 22:45:00,"Moreover, this is the first console upgrade by Nintendo in six years since the release of Wii.",0.9325368404388428,0.01655457355082035,0.05090857669711113,positive,0.9159822463989258
4,2012-11-22 22:45:00,"Gamers appear enthusiastic about the new console, as evident from the fact that Wii U is already sold out in many U.S. stores.",0.8322309255599976,0.02041756547987461,0.14735157787799835,positive,0.8118133544921875
5,2012-11-22 22:45:00,"Research firm IHS is also optimistic, expecting Nintendo to sell 3.5 million Wii Us in the U.S. this year.",0.8141988515853882,0.015530968084931374,0.1702701896429062,positive,0.7986679077148438
6,2012-11-22 22:45:00,"Obviously, the success of the Wii U will benefit AMD, which may compensate for its recent poor showing versus Intel ( INTC ).",0.700029194355011,0.19278883934020996,0.10718198120594025,positive,0.507240355014801
7,2012-11-22 22:45:00,"AMD and NVIDIA ( NVDA ) are the main contenders for discrete graphics sockets, so this may be considered a key win for AMD.",0.9018737077713013,0.021718010306358337,0.07640831172466278,positive,0.8801556825637817
8,2012-11-22 22:45:00,Nintendo launched the AMD-powered gaming consoles just before the holiday season.,0.20880956947803497,0.009865212254226208,0.7813252806663513,neutral,0.1989443600177765
9,2012-11-22 22:45:00,"This makes sense, as the holiday season is usually the time when demand goes up.",0.4052608609199524,0.026289602741599083,0.5684495568275452,neutral,0.37897124886512756
10,2012-11-22 22:45:00,Sony Corp. 's ( SNE ) PlayStation leads the global console market with 38.8% market share.,0.41781970858573914,0.012163057923316956,0.5700172781944275,neutral,0.405656635761261
11,2012-11-22 22:45:00,It is followed by Microsoft 's ( MSFT ) Xbox 360 with 34.9% market share and Nintendo with 26.3% share.,0.1044585108757019,0.009235532954335213,0.8863059878349304,neutral,0.09522297978401184
12,2012-11-22 22:45:00,The gaming hardware market is currently reeling under competitive pressure from emerging social network sites and competing hardware platforms such as smartphones and tablets.,0.04460948333144188,0.894531786441803,0.06085876375436783,negative,-0.8499222993850708
13,2012-11-22 22:45:00,Gamers are switching to these platforms or devices as they also provide free games.,0.07323700189590454,0.010370362550020218,0.9163926839828491,neutral,0.06286664307117462
14,2012-11-22 22:45:00,"Gaming apps are also providing various fun-filled and thrilling games, which are successfully enticing gamers.",0.5296630859375,0.012454022653400898,0.45788291096687317,positive,0.5172090530395508
15,2012-11-22 22:45:00,A study conducted by DFC Intelligence suggests that the global gaming market is expected to increase from $67.0 billion in 2012 to $82.0 billion in 2017.,0.9151449799537659,0.01328226737678051,0.07157270610332489,positive,0.9018627405166626
16,2012-11-22 22:45:00,"Further, IDC is expecting that there will be 257 million active consoles worldwide by 2015.",0.4959772527217865,0.00912426132708788,0.49489855766296387,positive,0.4868530035018921
17,2012-11-22 22:45:00,These estimates suggest that there are opportunities for gaming companies to increase their stakes.,0.9334723353385925,0.015272516757249832,0.051255181431770325,positive,0.9181998372077942
18,2012-11-22 22:45:00,"AMD's revenues in the third quarter came in at $1.27 billion, down 10.2% sequentially and 24.9% year over year, more or less in line with its revised guidance of a 10% sequential decline (at the mid-point).",0.017894120886921883,0.9718034267425537,0.010302516631782055,negative,-0.9539092779159546
19,2012-11-22 22:45:00,Revenues were also in line with consensus expectations of $1.28 billion.,0.928916335105896,0.02209050953388214,0.048993147909641266,positive,0.906825840473175
20,2012-11-22 22:45:00,The Graphics business generated 27% of its sales and was down 6.8% sequentially and 15.1% from the year-ago quarter.,0.018514012917876244,0.9717710018157959,0.009715069085359573,negative,-0.9532569646835327
21,2012-11-22 22:45:00,"AMD's shares currently carry a Zacks #5 Rank, implying a Strong Sell rating.",0.8959996700286865,0.014612849801778793,0.0893874317407608,positive,0.8813868165016174
22,2012-11-22 22:45:00,"Nintendo and Sony carry a Zacks #2 Rank, implying a Buy rating in the short term.",0.8582358956336975,0.02069285698235035,0.12107127159833908,positive,0.8375430107116699
23,2012-11-22 22:45:00,"Microsoft carries a Zacks #3 Rank, implying a short-term Hold rating.",0.10842815786600113,0.01267740037292242,0.8788944482803345,neutral,0.09575075656175613
24,2012-11-22 22:45:00,To read this article on Zacks.com click here.,0.017961200326681137,0.01924508437514305,0.9627937078475952,neutral,-0.001283884048461914
25,2012-11-22 22:45:00,"The views and opinions expressed herein are the views and opinions of the author and do not necessarily reflect those of Nasdaq, Inc.",0.010204566642642021,0.015637893229722977,0.9741575717926025,neutral,-0.0054333265870809555
