,datetime,sentence,positive,negative,neutral,global_sentiment,avg_sentiment
0,2011-12-21 08:56:00,"Chicago, IL - December 21, 2011 - Stocks in this week's article include Dycom Industries, Inc. (NYSE: DY ), The Home Depot Inc. (NYSE: HD ), Landstar System, Inc. (NASDAQ: LSTR ), On Assignment, Inc. (NASDAQ: ASGN ) and Heartland Payment Systems, Inc. (NYSE: HPY ).",0.015693465247750282,0.014439336955547333,0.9698671698570251,neutral,0.0012541282922029495
1,2011-12-21 08:56:00,Kevin Matras talks about stocks making new highs and why you shouldn't be afraid of to buy them.,0.19906169176101685,0.037573330104351044,0.7633649110794067,neutral,0.1614883542060852
2,2011-12-21 08:56:00,"Screen of the Week written by Kevin Matras of Zacks Investment Research:

Today I'm going to go over a simple screen with a powerful concept: buying stocks making new highs.",0.3282310664653778,0.011426928453147411,0.6603419780731201,neutral,0.3168041408061981
3,2011-12-21 08:56:00,I know some are reluctant to buy stocks making new 52 weeks highs.,0.10126190632581711,0.7378876209259033,0.16085046529769897,negative,-0.6366257071495056
4,2011-12-21 08:56:00,"If you're one of them, have you ever asked yourself why?",0.0561186783015728,0.08100877702236176,0.8628725409507751,neutral,-0.024890098720788956
5,2011-12-21 08:56:00,"If a stock is making a new 52-week high, that's a good thing.",0.7134054899215698,0.031141798943281174,0.2554527223110199,positive,0.6822636723518372
6,2011-12-21 08:56:00,I'm pretty sure that a person who dislikes buying stocks making new 52-weeks highs wouldn't be too upset if the stock he already owned broke out to new 52-week highs.,0.09088722616434097,0.17121075093746185,0.7379019856452942,neutral,-0.08032352477312088
7,2011-12-21 08:56:00,And why should he?,0.14743995666503906,0.18579994142055511,0.6667600870132446,neutral,-0.03835998475551605
8,2011-12-21 08:56:00,Statistics have shown that stocks making new highs have a tendency of making even higher highs.,0.4025375247001648,0.2571066915988922,0.3403558135032654,positive,0.14543083310127258
9,2011-12-21 08:56:00,These are the stocks we all dream about.,0.06254926323890686,0.006115860305726528,0.931334912776947,neutral,0.05643340200185776
10,2011-12-21 08:56:00,Get in and it keeps going up.,0.25859102606773376,0.023915058001875877,0.7174938917160034,neutral,0.23467597365379333
11,2011-12-21 08:56:00,Of course the fundamentals need to be there.,0.056128598749637604,0.009446402080357075,0.9344249963760376,neutral,0.046682197600603104
12,2011-12-21 08:56:00,And you should keep a watchful eye on valuations.,0.05517818406224251,0.00966009683907032,0.9351617097854614,neutral,0.04551808536052704
13,2011-12-21 08:56:00,"But if you were in a stock making new highs and cheering it on, it seems silly to be afraid of one doing the same just because you haven't bought it.",0.09133423119783401,0.2163255512714386,0.6923401951789856,neutral,-0.12499132007360458
14,2011-12-21 08:56:00,"One question I like asking myself just to put things into perspective is: if I was in it, would I be excited and would I still want to be in it?",0.04784689098596573,0.01941750943660736,0.9327356219291687,neutral,0.028429381549358368
15,2011-12-21 08:56:00,"If the answer is yes, then I'll look for the best opportunity to get in.",0.12753358483314514,0.01130078174173832,0.8611657023429871,neutral,0.11623280495405197
16,2011-12-21 08:56:00,"If the answer is no, that I'd want to take profits, then I'll move on.",0.09010587632656097,0.012364743277430534,0.8975294232368469,neutral,0.07774113118648529
17,2011-12-21 08:56:00,This topic actually reminds me of a question someone asked me a while ago about a stock I was talking about that was at a new 52-week high.,0.4694903492927551,0.03312702476978302,0.4973827004432678,neutral,0.4363633394241333
18,2011-12-21 08:56:00,"In fact, it was at a new 5 year high.",0.7918946146965027,0.04785960912704468,0.16024574637413025,positive,0.744035005569458
19,2011-12-21 08:56:00,He said aren't you worried about buying a stocks at a 52-week high?,0.15321142971515656,0.09956847876310349,0.7472200989723206,neutral,0.05364295095205307
20,2011-12-21 08:56:00,I said of course not.,0.06060655415058136,0.09419099986553192,0.8452024459838867,neutral,-0.03358444571495056
21,2011-12-21 08:56:00,So it just made a new-52 week high.,0.573488712310791,0.08933005481958389,0.3371812403202057,positive,0.4841586649417877
22,2011-12-21 08:56:00,That's great news.,0.6919465661048889,0.014855082146823406,0.2931983470916748,positive,0.6770914793014526
23,2011-12-21 08:56:00,Guess what -- last year it made a new 52-week high as well.,0.7907351851463318,0.058727461844682693,0.1505373865365982,positive,0.7320077419281006
24,2011-12-21 08:56:00,And the year before that.,0.06806612014770508,0.02890181727707386,0.9030320644378662,neutral,0.03916430473327637
25,2011-12-21 08:56:00,And the year before that.,0.06806612014770508,0.02890181727707386,0.9030320644378662,neutral,0.03916430473327637
26,2011-12-21 08:56:00,Can you imagine all the money you'd be leaving on the table if you were afraid of being in stocks every time they made a new high?,0.06886047124862671,0.07678508758544922,0.8543544411659241,neutral,-0.00792461633682251
27,2011-12-21 08:56:00,"The screen I'm running today looks for...

For the rest of this Screen of the Week article please visit Zacks.com at: http://www.zacks.com/commentary/19747/

Sign up now for your free trial today and start picking better stocks immediately.",0.2435370683670044,0.018771784380078316,0.7376911044120789,neutral,0.22476528584957123
28,2011-12-21 08:56:00,"And with the backtesting feature, you can test your ideas to see how you can improve your trading in both up markets and down markets.",0.7471936345100403,0.01405523344874382,0.23875106871128082,positive,0.733138382434845
29,2011-12-21 08:56:00,Don't wait for the market to get better before you decide to do better.,0.32742658257484436,0.027078744024038315,0.6454946994781494,neutral,0.30034783482551575
30,2011-12-21 08:56:00,"Start learning how to be a better trader today: http://at.zacks.com/?id=5529

Disclosure: Officers, directors and/or employees of Zacks Investment Research may own or have sold short securities and/or hold long and/or short positions in options that are mentioned in this material.",0.010767657309770584,0.021345648914575577,0.9678866863250732,neutral,-0.010577991604804993
31,2011-12-21 08:56:00,An affiliated investment advisory firm may own or have sold short securities and/or hold long and/or short positions in options that are mentioned in this material.,0.011446081101894379,0.010415039025247097,0.9781388640403748,neutral,0.0010310420766472816
32,2011-12-21 08:56:00,"About Screen of the Week

Zacks.com created the first and best screening system on the web earning the distinction as the ""#1 site for screening stocks"" by Money Magazine.",0.8801765441894531,0.015994274988770485,0.10382916778326035,positive,0.8641822934150696
33,2011-12-21 08:56:00,But powerful screening tools is just the start.,0.09495247155427933,0.005706817843019962,0.8993407487869263,neutral,0.08924565464258194
34,2011-12-21 08:56:00,That is why Zacks created the Screen of the Week to highlight profitable stock picking strategies that investors can actively use.,0.14883984625339508,0.00999003741890192,0.8411701321601868,neutral,0.13884980976581573
35,2011-12-21 08:56:00,"Each week, Zacks Profit from the Pros free email newsletter shares a new screening strategy.",0.3513948619365692,0.009931724518537521,0.6386734247207642,neutral,0.3414631485939026
36,2011-12-21 08:56:00,"Learn more about it here http://at.zacks.com/?id=5530

Zacks.com is a property of Zacks Investment Research, Inc., which was formed in 1978 by Leonard Zacks.",0.01664045825600624,0.00724306283518672,0.976116418838501,neutral,0.009397394955158234
37,2011-12-21 08:56:00,As a PhD in mathematics Len knew he could find patterns in stock market data that would lead to superior investment results.,0.767716646194458,0.02181605063378811,0.2104673832654953,positive,0.745900571346283
38,2011-12-21 08:56:00,"Amongst his many accomplishments was the formation of his proprietary stock picking system; the Zacks Rank, which continues to outperform the market by nearly a 3 to 1 margin.",0.7777089476585388,0.016997475177049637,0.20529359579086304,positive,0.7607114911079407
39,2011-12-21 08:56:00,The best way to unlock the profitable stock recommendations and market insights of Zacks Investment Research is through our free daily email newsletter; Profit from the Pros.,0.07881949096918106,0.006378026679158211,0.9148024916648865,neutral,0.072441466152668
40,2011-12-21 08:56:00,"In short, it's your steady flow of Profitable ideas GUARANTEED to be worth your time!",0.43368902802467346,0.012674679979681969,0.5536363124847412,neutral,0.42101433873176575
41,2011-12-21 08:56:00,"Register for your free subscription to Profit from the Pros http://at.zacks.com/?id=5531

Zacks Investment Research is under common control with affiliated entities (including a broker-dealer and an investment adviser), which may engage in transactions involving the foregoing securities for the clients of such affiliates.",0.014439008198678493,0.009072168730199337,0.9764887690544128,neutral,0.0053668394684791565
42,2011-12-21 08:56:00,Visit http://www.zacks.com/performance for information about the performance numbers displayed in this press release.,0.01104306522756815,0.014137434773147106,0.9748194813728333,neutral,-0.0030943695455789566
43,2011-12-21 08:56:00,Disclaimer: Past performance does not guarantee future results.,0.027422117069363594,0.05681845545768738,0.9157593846321106,neutral,-0.029396338388323784
44,2011-12-21 08:56:00,Investors should always research companies and securities before making any investments.,0.044664014130830765,0.00805959664285183,0.9472764134407043,neutral,0.036604419350624084
45,2011-12-21 08:56:00,Nothing herein should be construed as an offer or solicitation to buy or sell any security.,0.018396001309156418,0.0089272977784276,0.972676694393158,neutral,0.009468703530728817
46,2011-12-21 08:56:00,To read this article on Zacks.com click here.,0.01796119473874569,0.019245078787207603,0.9627937078475952,neutral,-0.001283884048461914
47,2011-12-21 08:56:00,"The views and opinions expressed herein are the views and opinions of the author and do not necessarily reflect those of Nasdaq, Inc.",0.010204566642642021,0.01563790813088417,0.9741575717926025,neutral,-0.005433341488242149
