,datetime,sentence,positive,negative,neutral,global_sentiment,avg_sentiment
0,2020-10-08 23:15:53,These 13 biggest companies that hire felons give us a whole new perspective about life after being behind bars.,0.3243682086467743,0.012220562435686588,0.6634112000465393,neutral,0.3121476471424103
1,2020-10-08 23:15:53,"With a complex society, the convicted will tend to detach themselves.",0.04684982821345329,0.1292964071035385,0.8238537311553955,neutral,-0.08244657516479492
2,2020-10-08 23:15:53,How much worse for those convicted of a felony?,0.11628970503807068,0.48238280415534973,0.40132755041122437,negative,-0.36609309911727905
3,2020-10-08 23:15:53,"If you can't contain your curiosity on what companies made it to the top 5, click away to the 5 biggest companies that hire felons.",0.04207609221339226,0.03859071433544159,0.9193331599235535,neutral,0.0034853778779506683
4,2020-10-08 23:15:53,Competition is everywhere.,0.12421350181102753,0.016889246180653572,0.8588972687721252,neutral,0.1073242574930191
5,2020-10-08 23:15:53,Some people convince themselves that they are just living the way they see fit.,0.06850029528141022,0.06823413819074631,0.8632655739784241,neutral,0.0002661570906639099
6,2020-10-08 23:15:53,"However, we can never avoid competition, and there will always be those type of people who think everything is all about winning.",0.07082255184650421,0.008620926178991795,0.9205564856529236,neutral,0.06220162659883499
7,2020-10-08 23:15:53,Being insensitive affects the people who are fighting their demons and trying to get a better disposition in life.,0.0686650425195694,0.5772575736045837,0.35407739877700806,negative,-0.5085925459861755
8,2020-10-08 23:15:53,There are a lot of inspirational quotes and messages going around social media to ease the panic most of us go through this pandemic.,0.3862829804420471,0.01809266023337841,0.5956243872642517,neutral,0.36819031834602356
9,2020-10-08 23:15:53,"Among these quotes, there is this famous line, ""We are all on the same boat"".",0.059121232479810715,0.030270105227828026,0.9106086492538452,neutral,0.02885112725198269
10,2020-10-08 23:15:53,I hate to break the bubble; we are never on the same boat.,0.10083341598510742,0.2906126081943512,0.608553946018219,neutral,-0.18977919220924377
11,2020-10-08 23:15:53,"The US leads the territories with the most billionaires with 614 of them in 2020, and despite losing his divorce settlement of $36 billion worth of his Amazon (NASDAQ:AMZN) stock, still, Jeff Bezos claimed the top spot of the world's richest in 2020.",0.1479252725839615,0.4969940781593323,0.3550807237625122,negative,-0.349068820476532
12,2020-10-08 23:15:53,"You see, people who run in the same circle with the billionaires never have to worry about finances to have a meal three times a day.",0.031913936138153076,0.024398760870099068,0.9436872601509094,neutral,0.0075151752680540085
13,2020-10-08 23:15:53,"However, people from the middle class and lower class have to go through their day to day battles to bring food on the table.",0.07578504830598831,0.21754144132137299,0.7066735029220581,neutral,-0.14175638556480408
14,2020-10-08 23:15:53,"More so, the ones who belong to the poverty line have to strive to survive even without the basic needs.",0.220145121216774,0.04794125631451607,0.7319135665893555,neutral,0.17220386862754822
15,2020-10-08 23:15:53,"If you get the picture, law-abiding citizens get their fair share of bumps along the way.",0.14982524514198303,0.1509261280298233,0.6992486715316772,neutral,-0.001100882887840271
16,2020-10-08 23:15:53,How hard can it get for someone convicted of a felony?,0.10553839057683945,0.2649368941783905,0.6295247077941895,neutral,-0.15939849615097046
17,2020-10-08 23:15:53,"For someone who has zero experience with incarceration, we will never know the feeling of life in prison and after prison.",0.05766661837697029,0.07744108140468597,0.864892303943634,neutral,-0.019774463027715683
18,2020-10-08 23:15:53,"Yes, empathy is there but do we know anything about their struggles?",0.029990429058670998,0.019468097016215324,0.9505414366722107,neutral,0.010522332042455673
19,2020-10-08 23:15:53,"The US holds 2.12 million people who committed various crimes, and each inmate has their story, maybe because of a troubled childhood or that desperation to make it through the day.",0.03671615570783615,0.05149046704173088,0.9117934107780457,neutral,-0.01477431133389473
20,2020-10-08 23:15:53,"Life behind bars runs on a scheduled basis, waking hour, time to eat, and all other activities.",0.013245866633951664,0.00919430423527956,0.9775598049163818,neutral,0.004051562398672104
21,2020-10-08 23:15:53,Programs are also available to prepare them for life outside the prison cell when it is time for them to utilize that second shot at life.,0.10693501681089401,0.0086051682010293,0.8844598531723022,neutral,0.09832984954118729
22,2020-10-08 23:15:53,"The adjustment outside the bars depends on the period being behind it, especially for those convicted with a felony who are the ones taking up much time behind bars.",0.023292720317840576,0.11340834200382233,0.8632988929748535,neutral,-0.09011562168598175
23,2020-10-08 23:15:53,"Also, that determination to start anew will be a motivational drive to make decent money for a living.",0.3827032148838043,0.016566937789320946,0.6007298827171326,neutral,0.3661362826824188
24,2020-10-08 23:15:53,It will be overwhelming to take the first step to get on track.,0.5578205585479736,0.015138422138988972,0.42704102396965027,positive,0.5426821112632751
25,2020-10-08 23:15:53,"It will be frustrating for them to see that things are not the same before they got locked in jail, so they will need all the support they can get.",0.11867699027061462,0.3925212621688843,0.4888017177581787,neutral,-0.27384427189826965
26,2020-10-08 23:15:53,"It will not come easy, and discrimination will always say hello at any time of the day.",0.03764539584517479,0.031906455755233765,0.9304481744766235,neutral,0.005738940089941025
27,2020-10-08 23:15:53,"However, these are not reasons to revert to old ways and hang with old friends that brought you behind bars.",0.05529370903968811,0.03661886602640152,0.9080873727798462,neutral,0.01867484301328659
28,2020-10-08 23:15:53,A person who got out of jail is not up for the competition.,0.041115652769804,0.15601910650730133,0.802865207195282,neutral,-0.11490345001220703
29,2020-10-08 23:15:53,They are up for the chance and acceptance that the crime they committed is way in the past.,0.5154972672462463,0.03935134783387184,0.4451514184474945,positive,0.4761459231376648
30,2020-10-08 23:15:53,"To make a living means getting a job, a legal and decent one.",0.2726795971393585,0.025566069409251213,0.7017543315887451,neutral,0.24711352586746216
31,2020-10-08 23:15:53,"There are plenty of choices, but our list of biggest companies that hire felons is a perfect start in which companies to look for a job.",0.11803346127271652,0.011066872626543045,0.8708996176719666,neutral,0.10696658492088318
32,2020-10-08 23:15:53,Apply for jobs widely to both local employers and big companies.,0.14757131040096283,0.038817908614873886,0.8136107921600342,neutral,0.10875339806079865
33,2020-10-08 23:15:53,Know which job will most likely hire a felon and also fits your capability and skills.,0.08634872734546661,0.005906684789806604,0.9077445268630981,neutral,0.08044204115867615
34,2020-10-08 23:15:53,"As mentioned in our previous list of 10 biggest companies that hire felons, the Ban the Box and Fair Chance Pledge is a campaign to hire ex-convicts.",0.0470290444791317,0.035700563341379166,0.9172703623771667,neutral,0.011328481137752533
35,2020-10-08 23:15:53,Stated also are industries which provide higher chance ex-offenders in rebooting their life.,0.38616156578063965,0.011845273897051811,0.6019931435585022,neutral,0.3743163049221039
36,2020-10-08 23:15:53,"We have Sodexo (SW.PA), McDonald's (NYSE:MCD), and Starbucks (NASDAQGS:SBUX), to mention a few.",0.01682986132800579,0.007785961031913757,0.9753841757774353,neutral,0.009043900296092033
37,2020-10-08 23:15:53,The aim of these campaigns is for applicants with criminal records to maximize showing off their qualifications.,0.08007080852985382,0.015395139344036579,0.9045340418815613,neutral,0.06467566639184952
38,2020-10-08 23:15:53,"It also lessens discrimination towards ex-offenders, higher chance to get hired, and lesser possibility for them to re-offend.",0.3857787251472473,0.03921044245362282,0.5750108361244202,neutral,0.3465682864189148
39,2020-10-08 23:15:53,"However, various insights about Ban the Box and Fair Chance Pledge are stirring up public opinion.",0.190522238612175,0.02570854313671589,0.7837691903114319,neutral,0.16481369733810425
40,2020-10-08 23:15:53,Some see it as a positive move to help an ex-offender while some see it ineffective.,0.13700932264328003,0.7170513272285461,0.1459394097328186,negative,-0.5800420045852661
41,2020-10-08 23:15:53,"Hiring a felon is at the discretion of the employer, and digging into records is inevitable.",0.047075655311346054,0.27290040254592896,0.6800239086151123,neutral,-0.2258247435092926
42,2020-10-08 23:15:53,"Since we are going to list the biggest companies that hire felons, we need to find out which companies belong to this group.",0.018751559779047966,0.01041246484965086,0.9708359241485596,neutral,0.008339094929397106
43,2020-10-08 23:15:53,"Forbes Global 2000 published The World's Largest Public Companies for 2020, though felony-friendly jobs are not available in some companies in the list.",0.056437719613313675,0.21416650712490082,0.7293956875801086,neutral,-0.15772879123687744
44,2020-10-08 23:15:53,"While recovering from a minute-shock upon seeing the data, the priority is companies under Fair Chance Pledge and Ban the Box.",0.19463668763637543,0.21566224098205566,0.5897011160850525,neutral,-0.021025553345680237
45,2020-10-08 23:15:53,Obama White House Archives consist of companies that signed the Fair Chance Pledge.,0.0374392606317997,0.008878316730260849,0.9536824226379395,neutral,0.02856094390153885
46,2020-10-08 23:15:53,We also got hold of companies with a history of hiring felons from an online community Jail to Job and job search engine Glassdoor where former employees leave an anonymous review to their former companies.,0.07001268863677979,0.4973558187484741,0.4326314926147461,negative,-0.42734313011169434
47,2020-10-08 23:15:53,It is high time to check which made it to the to our list and using the market value to determine the rank.,0.042469531297683716,0.009601116180419922,0.9479293823242188,neutral,0.032868415117263794
48,2020-10-08 23:15:53,"When it's all about electric vehicles and clean energy, Tesla, Inc. is the company you are looking for.",0.046922799199819565,0.005780782550573349,0.9472963809967041,neutral,0.041142016649246216
49,2020-10-08 23:15:53,Felons hired in this company varies from its locations.,0.011719286441802979,0.0671701431274414,0.9211105108261108,neutral,-0.05545085668563843
50,2020-10-08 23:15:53,"Tesla also runs a background check, and results vary depending on what state.",0.008527928963303566,0.02893798053264618,0.9625341296195984,neutral,-0.020410051569342613
51,2020-10-08 23:15:53,"Once hired, make sure to leave a good impression.",0.10245221853256226,0.012024307623505592,0.8855234384536743,neutral,0.09042791277170181
52,2020-10-08 23:15:53,"If, in any case, you want to change your career, you have an impressive employment record at Tesla.",0.6243342757225037,0.015140397474169731,0.36052533984184265,positive,0.6091938614845276
53,2020-10-08 23:15:53,"Abbott Laboratories has about 107,000 employees, and this company made it to the list of Best Employers for Diversity in 2020.",0.5174640417098999,0.02625071071088314,0.4562852680683136,positive,0.491213321685791
54,2020-10-08 23:15:53,Abbott Laboratories management believes that having a diverse workforce is a strength.,0.8422566056251526,0.012897239997982979,0.14484617114067078,positive,0.8293593525886536
55,2020-10-08 23:15:53,It is not about the numbers of people working yet the skills and knowledge each one imparts that is a contribution to this multinational health care and medical devices company.,0.15502145886421204,0.0073584141209721565,0.8376201391220093,neutral,0.14766304194927216
56,2020-10-08 23:15:53,"Who would have thought that Comcast Corporation, an American telecommunications conglomerate hires ex-offenders?",0.06676753610372543,0.26106736063957214,0.6721651554107666,neutral,-0.1942998170852661
57,2020-10-08 23:15:53,"Diversity, Equity, and Inclusion, one of the values that this company implement.",0.25506383180618286,0.006690886337310076,0.7382453680038452,neutral,0.24837294220924377
58,2020-10-08 23:15:53,"They do not limit to having more population of women, people of color, and gender.",0.03505047783255577,0.0067322878167033195,0.958217203617096,neutral,0.028318189084529877
59,2020-10-08 23:15:53,There is no specific program for ex-offenders but let us not forget it depends on the position that will best fit the qualifications.,0.04775596410036087,0.005133936181664467,0.9471100568771362,neutral,0.04262202978134155
60,2020-10-08 23:15:53,"PepsiCo, Inc. is all about manufacturing, distribution, and marketing of various products such as beverages and grain-based snacks.",0.01646687090396881,0.0063878013752400875,0.9771453142166138,neutral,0.010079069063067436
61,2020-10-08 23:15:53,"Being employed (with a felony on your record) in this American multinational food, snack, and beverage corporation is an opportunity.",0.1043320819735527,0.023167826235294342,0.8725000619888306,neutral,0.08116425573825836
62,2020-10-08 23:15:53,Ensure to be on your best behavior.,0.08403566479682922,0.016978025436401367,0.8989863395690918,neutral,0.06705763936042786
63,2020-10-08 23:15:53,It so happened that The Coca-Cola Company has a higher market value than the one in item number 11.,0.43264296650886536,0.1669723242521286,0.40038472414016724,positive,0.26567065715789795
64,2020-10-08 23:15:53,"They firmly believe that learning, personal growth, and the opportunity to make a mark has no limits.",0.13314515352249146,0.008479302749037743,0.8583755493164062,neutral,0.12466584891080856
65,2020-10-08 23:15:53,There is no specific mention in their hiring policy when it comes to ex-offenders.,0.01080232672393322,0.06730198115110397,0.9218956828117371,neutral,-0.056499652564525604
66,2020-10-08 23:15:53,"However, their internal guidelines concerning the committed crime are highly confidential.",0.010881496593356133,0.01336973998695612,0.9757487773895264,neutral,-0.002488243393599987
67,2020-10-08 23:15:53,There is also no checkbox for a past felony in The Coca-Cola Company application form.,0.01931758038699627,0.06957536190748215,0.9111070036888123,neutral,-0.05025777965784073
68,2020-10-08 23:15:53,They are not part of the Ban the Box movement though this company shares the concept.,0.01593489944934845,0.012405717745423317,0.9716594219207764,neutral,0.0035291817039251328
69,2020-10-08 23:15:53,Careers at AT&T promotes inclusion.,0.08782976865768433,0.00817402359098196,0.9039962887763977,neutral,0.07965574413537979
70,2020-10-08 23:15:53,This multinational conglomerate holding company is part of breaking the stigma towards ex-offenders.,0.1878666877746582,0.08705934137105942,0.7250739932060242,neutral,0.10080734640359879
71,2020-10-08 23:15:53,A prominent first impression will land you a higher chance of landing the job.,0.6761592030525208,0.017898207530379295,0.305942565202713,positive,0.6582610011100769
72,2020-10-08 23:15:53,Doing a background check is part of the process but varies from one state to another.,0.012231100350618362,0.015206551179289818,0.9725623726844788,neutral,-0.0029754508286714554
73,2020-10-08 23:15:53,"Assessing oneself is an edge, especially knowing the previous charges that put you behind bars.",0.16398420929908752,0.07970228046178818,0.7563135623931885,neutral,0.08428192883729935
74,2020-10-08 23:15:53,"So, if in any chance you were involved with fraud or charged with computer crime, there is a slim to no chance of getting that job.",0.04596328362822533,0.08451886475086212,0.8695178031921387,neutral,-0.038555581122636795
75,2020-10-08 23:15:53,"The Home Depot, Inc. is part of the Ban the Box campaign and markets itself as a felon-friendly employer.",0.05911600589752197,0.0848352238535881,0.8560487031936646,neutral,-0.02571921795606613
76,2020-10-08 23:15:53,"Just like the first ones that boarded the list, The Home Depot, Inc. has its screening process that encompasses a criminal background check.",0.01636575162410736,0.02260136976838112,0.9610328674316406,neutral,-0.006235618144273758
77,2020-10-08 23:15:53,The chances of getting hired to depend on the result.,0.019572388380765915,0.016919750720262527,0.963507890701294,neutral,0.0026526376605033875
78,2020-10-08 23:15:53,"When you happen to fall on the 'Red' flag, the company will rescind the job offer.",0.03940713033080101,0.2584916949272156,0.7021011710166931,neutral,-0.21908456087112427
79,2020-10-08 23:15:53,"Similar to most companies, Verizon Communications, Inc. does background checks on their applicants.",0.01497136801481247,0.04302224516868591,0.9420063495635986,neutral,-0.028050877153873444
80,2020-10-08 23:15:53,Chances of getting hired are on a case to case basis that also concerns the weight of your previous charge.,0.039720844477415085,0.014269155450165272,0.9460099339485168,neutral,0.025451689958572388
81,2020-10-08 23:15:53,"You may also consider the state laws since hiring felons in each state varies, respectively.",0.01239265687763691,0.03028963878750801,0.9573176503181458,neutral,-0.0178969819098711
82,2020-10-08 23:15:53,"But Verizon Communications, Inc. is a global entity, plenty of jobs your skills may qualify awaits.",0.37151026725769043,0.014533926732838154,0.6139558553695679,neutral,0.35697633028030396
83,2020-10-08 23:15:53,Maintain a good record so you can stay with Verizon for years.,0.24856673181056976,0.008551027625799179,0.742882251739502,neutral,0.24001570045948029
84,2020-10-08 23:15:53,Click to continue reading and see the 5 biggest companies that hire felons.,0.02390427328646183,0.11345065385103226,0.8626450300216675,neutral,-0.08954638242721558
85,2020-10-08 23:15:53,Disclosure: 13 biggest companies that hire felons is originally published at Insider Monkey.,0.014947295188903809,0.027460046112537384,0.9575926065444946,neutral,-0.012512750923633575
