,datetime,sentence,positive,negative,neutral,global_sentiment,avg_sentiment
0,2019-11-21 06:59:00,Stock analysts like to panic during earnings season.,0.07687553018331528,0.472339928150177,0.4507845640182495,negative,-0.39546439051628113
1,2019-11-21 06:59:00,It’s a rare time when they get more visibility into a company’s operations.,0.10144366323947906,0.012467741034924984,0.8860886096954346,neutral,0.0889759212732315
2,2019-11-21 06:59:00,"Never was that more apparent than this week, when all the headlines screamed about how Lowe’s (NYSE:) is suddenly hot and Home Depot (NYSE:) is suddenly not.",0.09610449522733688,0.2959071397781372,0.6079884171485901,neutral,-0.19980263710021973
3,2019-11-21 06:59:00,It’s true that Lowe’s beat earnings estimates and Home Depot didn’t.,0.64122474193573,0.08140023797750473,0.2773750424385071,positive,0.559824526309967
4,2019-11-21 06:59:00,"But the results, seen from a long-term perspective, are just a reversion to the mean.",0.04443109408020973,0.0337689146399498,0.9217999577522278,neutral,0.010662179440259933
5,2019-11-21 06:59:00,Both stocks opened Nov. 21 about 27% higher year-to-date.,0.9078466892242432,0.031914737075567245,0.060238562524318695,positive,0.875931978225708
6,2019-11-21 06:59:00,"Lowe’s said it earned $1 billion, or $1.36 per share, .",0.17099739611148834,0.032996781170368195,0.7960058450698853,neutral,0.13800060749053955
7,2019-11-21 06:59:00,This beat analyst estimates and sent the stock up 5% in a single day.,0.9493116140365601,0.022457830607891083,0.028230540454387665,positive,0.9268537759780884
8,2019-11-21 06:59:00,"Smart investors saw this coming early in the spring, after Lowe’s raised its dividend from 48 cents per share to 55 cents, a 15% hike.",0.9436346292495728,0.02474275603890419,0.03162263333797455,positive,0.9188918471336365
9,2019-11-21 06:59:00,"Back then the stock was trading under $100, making the new yield a respectable 2.2%.",0.774418294429779,0.06988606601953506,0.15569564700126648,positive,0.7045322060585022
10,2019-11-21 06:59:00,"At its Nov. 21 price near $117, the yield is back down to 1.9%.",0.02023039013147354,0.9511236548423767,0.028645891696214676,negative,-0.9308932423591614
11,2019-11-21 06:59:00,"Home Depot, meanwhile, plunged after reporting net income of $2.8 billion, or $2.53 per share, .",0.030353952199220657,0.9581301808357239,0.011515963822603226,negative,-0.9277762174606323
12,2019-11-21 06:59:00,The fall brought the yield on its $1.36 per share dividend to 2.5%.,0.39119213819503784,0.5734307765960693,0.03537706658244133,negative,-0.1822386384010315
13,2019-11-21 06:59:00,"So while everyone this morning is screaming that you should and that Lowe’s digital ordering is now superior, income investors are doing better selling Lowe’s at a high and buying HD stock.",0.5749375820159912,0.1498427540063858,0.2752196490764618,positive,0.4250948429107666
14,2019-11-21 06:59:00,"Lowe’s and Home Depot are very similar, in both layout and merchandise.",0.024296587333083153,0.01467171311378479,0.9610316753387451,neutral,0.009624874219298363
15,2019-11-21 06:59:00,In many towns the stores sit near each other.,0.03255035728216171,0.05178897827863693,0.9156606197357178,neutral,-0.01923862099647522
16,2019-11-21 06:59:00,"Home Depot seems to do a better job for contractors, with a separate entrance, while Lowe’s seems cleaner, more attuned to do-it-yourselfers.",0.35387560725212097,0.0581330843269825,0.5879912972450256,neutral,0.2957425117492676
17,2019-11-21 06:59:00,But these are superficial differences.,0.08415123075246811,0.06239871680736542,0.8534500002861023,neutral,0.02175251394510269
18,2019-11-21 06:59:00,"Over time, performance at both seems to revert to a mean.",0.5003007650375366,0.0200399998575449,0.47965922951698303,positive,0.4802607595920563
19,2019-11-21 06:59:00,Home Depot is about 50% bigger by sales volume.,0.11335458606481552,0.019829079508781433,0.8668163418769836,neutral,0.09352550655603409
20,2019-11-21 06:59:00,LOW’s smaller size means improvements are reflected quickly in results.,0.8032686114311218,0.014374972321093082,0.18235646188259125,positive,0.7888936400413513
21,2019-11-21 06:59:00,Numbers are smaller.,0.03153158351778984,0.5362890362739563,0.43217936158180237,negative,-0.5047574639320374
22,2019-11-21 06:59:00,"It’s the same way in general retail, where improved results at Target (NYSE:) generate a bigger percentage boost than the same sales gains at Walmart (NYSE:).",0.9346009492874146,0.018795203417539597,0.04660390689969063,positive,0.9158057570457458
23,2019-11-21 06:59:00,"From the investment standpoint, however, it’s potato, potahto.",0.21414679288864136,0.04080018028616905,0.7450530529022217,neutral,0.173346608877182
24,2019-11-21 06:59:00,Both of these companies are scaled dividend aristocrats.,0.03153397887945175,0.02622525952756405,0.9422407150268555,neutral,0.005308719351887703
25,2019-11-21 06:59:00,"You find their lows when the yields are highest, and if you want to get out you trade when their yields are lowest.",0.04092198237776756,0.057798758149147034,0.9012792706489563,neutral,-0.01687677577137947
26,2019-11-21 06:59:00,"Lowe’s CEO Marvin Ellison, who came to the company after failing at J. C. Penney (NYSE:), understands this.",0.06587497144937515,0.038097359240055084,0.8960277438163757,neutral,0.02777761220932007
27,2019-11-21 06:59:00,"He bought shares after the early spring fall, which was built on a March quarter that appeared light.",0.4216839671134949,0.038257140666246414,0.5400589108467102,neutral,0.38342681527137756
28,2019-11-21 06:59:00,"Then he went back to his desk, making Lowe’s .",0.11351421475410461,0.12842774391174316,0.7580580115318298,neutral,-0.01491352915763855
29,2019-11-21 06:59:00,"That reality is reflected in the third-quarter report, where Lowe’s announced it would that operate under the name Rona.",0.03684720769524574,0.010717558674514294,0.9524352550506592,neutral,0.026129648089408875
30,2019-11-21 06:59:00,"Lowe’s bought Rona in 2016, before Ellison arrived.",0.023810917511582375,0.015985462814569473,0.9602036476135254,neutral,0.007825454697012901
31,2019-11-21 06:59:00,"Its stores had a variety of footprints, some as small as 85,000 square feet.",0.013482097536325455,0.019503142684698105,0.967014729976654,neutral,-0.00602104514837265
32,2019-11-21 06:59:00,It’s these “underperforming” stores that are quietly disappearing under the good earnings news.,0.056575365364551544,0.7098798751831055,0.2335447072982788,negative,-0.6533045172691345
33,2019-11-21 06:59:00,Long-term income investors are doing well in both Lowe’s and Home Depot stock.,0.9221177101135254,0.023869216442108154,0.054013125598430634,positive,0.8982484936714172
34,2019-11-21 06:59:00,Smart investors time their purchases and look at yield.,0.04112761467695236,0.012838046997785568,0.9460343718528748,neutral,0.028289567679166794
35,2019-11-21 06:59:00,The dividend at Lowe’s has risen from 23 cents per share five years ago to its present 55 cents.,0.9393827319145203,0.01650300808250904,0.04411426559090614,positive,0.922879695892334
36,2019-11-21 06:59:00,"Despite today’s low yield, it’s a good long-term holding.",0.7894312143325806,0.015371537767350674,0.19519726932048798,positive,0.7740596532821655
37,2019-11-21 06:59:00,The dividend at Home Depot has risen from 47 cents to $1.36 in that time.,0.9260165691375732,0.0165396798402071,0.057443767786026,positive,0.9094768762588501
38,2019-11-21 06:59:00,It’s a slightly better long-term holding.,0.6384751200675964,0.01627173088490963,0.34525319933891296,positive,0.6222034096717834
39,2019-11-21 06:59:00,"But with both these companies, you want to get in when the tide’s going out.",0.08768204599618912,0.011649689637124538,0.9006682634353638,neutral,0.076032355427742
40,2019-11-21 06:59:00,is a financial and technology journalist.,0.04357776790857315,0.01966455765068531,0.9367576837539673,neutral,0.02391321025788784
41,2019-11-21 06:59:00,He is the author of the historical mystery romance The Reluctant Detective Travels in Time available now at the Amazon Kindle store.,0.0608966164290905,0.019134793430566788,0.9199686646461487,neutral,0.04176182299852371
42,2019-11-21 06:59:00,Write him at or follow him on Twitter at @danablankenhorn.,0.05062256008386612,0.04782085120677948,0.9015565514564514,neutral,0.0028017088770866394
43,2019-11-21 06:59:00,As of this writing he owned no shares in companies mentioned in this story.,0.009477799758315086,0.01894531026482582,0.9715768098831177,neutral,-0.009467510506510735
44,2019-11-21 06:59:00,The post appeared first on InvestorPlace.,0.06827232241630554,0.039909861981868744,0.8918178081512451,neutral,0.028362460434436798
