,datetime,sentence,positive,negative,neutral,global_sentiment,avg_sentiment
0,2018-11-25 05:59:00,"So far, 2018 has been a rough year for J.C. Penney (NYSE: JCP) .",0.024752723053097725,0.9534233808517456,0.021823827177286148,negative,-0.9286706447601318
1,2018-11-25 05:59:00,"In fact, pretty much every year since 2012 has been a forgettable one for the department store chain following former CEO Ron Johnson's misguided experiment to change the company's sales model.",0.03818453103303909,0.8910502195358276,0.07076524198055267,negative,-0.8528656959533691
2,2018-11-25 05:59:00,"The stock has plummeted 60% so far in 2018, hitting all-time lows after yet another disappointing earnings report last week.",0.02083231508731842,0.967431366443634,0.011736324056982994,negative,-0.9465990662574768
3,2018-11-25 05:59:00,"As the chart below shows, with the exception of a plunge on its second-quarter earnings report, the slide this year has been mostly gradual.",0.08354528993368149,0.7228420376777649,0.19361266493797302,negative,-0.6392967700958252
4,2018-11-25 05:59:00,"That's a sign that J.C. Penney's sell-off has been driven not by a single event, but rather by the growing sentiment that the chain's turnaround efforts are failing and that it will eventually follow peers like Sears , Bon-Ton , Toys R Us, and others into bankruptcy.",0.033632975071668625,0.9350684881210327,0.03129856660962105,negative,-0.9014354944229126
5,2018-11-25 05:59:00,Let's look at a few of the themes that have pushed the stock even lower this year.,0.10119225084781647,0.11295020580291748,0.7858575582504272,neutral,-0.011757954955101013
6,2018-11-25 05:59:00,"In many ways, J.C. Penney's underwhelming performance hasn't been much different from previous years.",0.37383878231048584,0.22658833861351013,0.39957287907600403,neutral,0.1472504436969757
7,2018-11-25 05:59:00,"It continues to post quarterly losses, and comparable-store sales growth has been fickle.",0.02073715068399906,0.9617782831192017,0.017484541982412338,negative,-0.941041111946106
8,2018-11-25 05:59:00,But a singular problem that has troubled the retailer this year has been the rapid departure of top executives.,0.019174491986632347,0.9662048816680908,0.014620637521147728,negative,-0.9470303654670715
9,2018-11-25 05:59:00,"The most surprising one of all was CEO Marvin Ellison's sudden resignation in June, when he left J.C. Penney to take the top spot at Lowe's .",0.049598608165979385,0.6444733738899231,0.3059280216693878,negative,-0.5948747396469116
10,2018-11-25 05:59:00,"That left Penney without a CEO for several months, as the company created an Office of the CEO in its place, comprised of several other executives.",0.027665477246046066,0.5501575469970703,0.4221770167350769,negative,-0.5224920511245728
11,2018-11-25 05:59:00,"That Ellison departed so abruptly not only left a void in leadership in Penney's C-suite, but also signaled to investors that the retailer's problems might be beyond repair.",0.03199595585465431,0.9371264576911926,0.030877573415637016,negative,-0.9051305055618286
12,2018-11-25 05:59:00,Ellison struggled for three years to turn around the business.,0.06206519901752472,0.3772139847278595,0.5607207417488098,neutral,-0.3151487708091736
13,2018-11-25 05:59:00,"He saw the company and all its flaws up close, and jumped ship as soon as an opportunity came up.",0.32332751154899597,0.022337621077895164,0.6543348431587219,neutral,0.30098989605903625
14,2018-11-25 05:59:00,"In September, CFO Jeffrey Davis also left the company, and his departure followed that of Chief Customer Officer Joe McFarland, who quit his job to follow Ellison to Lowe's.",0.025191064924001694,0.9107867479324341,0.06402219831943512,negative,-0.8855956792831421
15,2018-11-25 05:59:00,Those two made up half the Office of the CEO.,0.02299409545958042,0.05340567231178284,0.9236001968383789,neutral,-0.030411576852202415
16,2018-11-25 05:59:00,"Penney seemed to take a step in the right direction when it named Jill Soltau, the former CEO of Jo-Ann Stores, as its new CEO, and Soltau promptly brought on Michael Fung as its next CFO.",0.44982558488845825,0.01709650456905365,0.5330778956413269,neutral,0.4327290654182434
17,2018-11-25 05:59:00,Fung most recently served as the interim CFO at Neiman Marcus.,0.015182563103735447,0.0390678308904171,0.9457495808601379,neutral,-0.023885268718004227
18,2018-11-25 05:59:00,Soltau's first earnings call seemed to inspire confidence among investors as the stock spiked after initially falling.,0.9417624473571777,0.021667301654815674,0.0365702249109745,positive,0.9200951457023621
19,2018-11-25 05:59:00,But it's clear from the company's financial performance and so much executive turnover recently that she has a considerable challenge ahead of her.,0.2624136805534363,0.042391810566186905,0.6951944828033447,neutral,0.22002187371253967
20,2018-11-25 05:59:00,Part of the bull case in recent years for J.C. Penney has been that the company would gain market share as rivals like Sears closed stores and eventually went bankrupt .,0.32963910698890686,0.47719836235046387,0.19316257536411285,negative,-0.147559255361557
21,2018-11-25 05:59:00,"More than any other retailer, it seemed poised to gain sales from Sears' failure as the two chains co-anchor hundreds of malls.",0.9343588352203369,0.025386566296219826,0.04025459662079811,positive,0.9089722633361816
22,2018-11-25 05:59:00,"However, Penney has not been a noticeable beneficiary from Sears' demise.",0.01666727289557457,0.12754660844802856,0.8557860851287842,neutral,-0.1108793318271637
23,2018-11-25 05:59:00,"While home-improvement retailers like Lowe's and Home Depot have taken Sears' market share in appliances, Penney's comparable-store sales actually fell 5.4% in its third-quarter report, indicating the company is losing market share and sales at a time when peers like Macy's and Kohl's are seeing solid growth in comps.",0.017902962863445282,0.9725562334060669,0.009540772996842861,negative,-0.954653263092041
24,2018-11-25 05:59:00,"At Penney, comps are down 1.7% through the first three quarters this year, a sign that any benefit from the decline of Sears, as well as Bon-Ton and Toys R Us, is not enough to compensate for the retailer's broader weakness.",0.021956034004688263,0.9677713513374329,0.010272660292685032,negative,-0.9458153247833252
25,2018-11-25 05:59:00,"Fear of the next recession

J.C. Penney's recent struggles are especially confounding because its woes are coming when nearly every economic indicator signals that the consumer economy is strong.",0.05201229825615883,0.7683156132698059,0.17967210710048676,negative,-0.716303288936615
26,2018-11-25 05:59:00,"Consumer confidence is near record highs, unemployment is near 50-year lows, and the stock market was at an all-time high just a couple of months ago.",0.372187077999115,0.25125226378440857,0.37656068801879883,neutral,0.12093481421470642
27,2018-11-25 05:59:00,"Meanwhile, retail sales have seen significant growth this year.",0.9488522410392761,0.01709599420428276,0.0340518094599247,positive,0.9317562580108643
28,2018-11-25 05:59:00,"According to the Census Bureau, retail sales are up 5.3% through the first 10 months of the year, and sales at general merchandise stores are up 3.6%.",0.9469506740570068,0.02141922526061535,0.03163015469908714,positive,0.9255314469337463
29,2018-11-25 05:59:00,"J.C. Penney's department store peers have largely seen their stocks soar over the last year, driven by improving fundamentals.",0.943610668182373,0.016851438209414482,0.0395379364490509,positive,0.9267592430114746
30,2018-11-25 05:59:00,"But Penney has been unable to benefit from that tailwind, adding to concerns that the next recession could kill it .",0.024521777406334877,0.9633278846740723,0.012150435708463192,negative,-0.9388061165809631
31,2018-11-25 05:59:00,"With more than $4 billion in debt on its balance sheet, the retailer will eventually have to return to stable profitability in order to have a long-term future.",0.9127999544143677,0.015956562012434006,0.0712435394525528,positive,0.8968433737754822
32,2018-11-25 05:59:00,"After its performance thus far in 2018, it's clear why investors are starting to fear that the end may be near.",0.06947014480829239,0.8324222564697266,0.09810753911733627,negative,-0.7629520893096924
33,2018-11-25 05:59:00,"10 stocks we like better than J.C. Penney

When investing geniuses David and Tom Gardner have a stock tip, it can pay to listen.",0.13539747893810272,0.02797166258096695,0.8366308212280273,neutral,0.10742581635713577
34,2018-11-25 05:59:00,"After all, the newsletter they have run for over a decade, Motley Fool Stock Advisor , has quadrupled the market.",0.8087436556816101,0.0373060368001461,0.15395022928714752,positive,0.7714376449584961
35,2018-11-25 05:59:00,"*

David and Tom just revealed what they believe are the 10 best stocks for investors to buy right now... and J.C. Penney wasn't one of them!",0.19478820264339447,0.015430506318807602,0.7897812724113464,neutral,0.17935769259929657
36,2018-11-25 05:59:00,That's right -- they think these 10 stocks are even better buys.,0.8146857619285583,0.02307075634598732,0.16224350035190582,positive,0.7916150093078613
37,2018-11-25 05:59:00,Click here to learn about these picks!,0.0694708302617073,0.055800698697566986,0.8747285008430481,neutral,0.01367013156414032
38,2018-11-25 05:59:00,Jeremy Bowman owns shares of J.C. Penney.,0.016741802915930748,0.011574267409741879,0.9716839790344238,neutral,0.0051675355061888695
39,2018-11-25 05:59:00,The Motley Fool has the following options: short February 2019 $185 calls on Home Depot and long January 2020 $110 calls on Home Depot.,0.013949581421911716,0.03693100064992905,0.9491194486618042,neutral,-0.022981420159339905
40,2018-11-25 05:59:00,The Motley Fool recommends Home Depot and Lowe's.,0.02802175283432007,0.032823480665683746,0.9391547441482544,neutral,-0.004801727831363678
41,2018-11-25 05:59:00,The Motley Fool has a disclosure policy .,0.016547100618481636,0.017303917557001114,0.9661489725112915,neutral,-0.0007568169385194778
42,2018-11-25 05:59:00,"The views and opinions expressed herein are the views and opinions of the author and do not necessarily reflect those of Nasdaq, Inc.",0.010204566642642021,0.01563790813088417,0.9741575717926025,neutral,-0.005433341488242149
