,datetime,sentence,positive,negative,neutral,global_sentiment,avg_sentiment
0,2018-08-22 09:58:00,"Three months ago, Lowe's (NYSE: LOW) first-quarter results lagged Home Depot 's (NYSE: HD) as both retailers struggled with weather-driven customer traffic challenges.",0.03751291334629059,0.9503033757209778,0.012183669954538345,negative,-0.9127904772758484
1,2018-08-22 09:58:00,"This week, Lowe's joined its larger rival in announcing a solid second-quarter sales rebound after home improvement shoppers shifted their seasonal spending into the period.",0.9415854215621948,0.0361587293446064,0.0222559105604887,positive,0.9054266810417175
2,2018-08-22 09:58:00,"However, the operating gap between the two companies only widened over the last few months.",0.7916380167007446,0.1042260229587555,0.10413599014282227,positive,0.6874120235443115
3,2018-08-22 09:58:00,"Under new management now, Lowe's announced the closing of all 99 stores within the Orchard Supply Hardware brand and telegraphed strategic changes to come for its core retailing locations.",0.04981062561273575,0.5354947447776794,0.41469457745552063,negative,-0.4856841266155243
4,2018-08-22 09:58:00,The company also lowered its full-year sales growth outlook.,0.019222769886255264,0.9197551012039185,0.06102213263511658,negative,-0.9005323052406311
5,2018-08-22 09:58:00,More on that forecast in a moment.,0.04916461184620857,0.02933303825557232,0.9215023517608643,neutral,0.019831573590636253
6,2018-08-22 09:58:00,"First, here's how the recent results compare with the prior-year period:

What happened with Lowe's this quarter?",0.017886517569422722,0.032248903065919876,0.9498645067214966,neutral,-0.014362385496497154
7,2018-08-22 09:58:00,"Sales gains rebounded, just as management had predicted they would back in late May.",0.9442594051361084,0.02761322446167469,0.028127416968345642,positive,0.9166461825370789
8,2018-08-22 09:58:00,"But Lowe's expansion pace still implied market share losses, as both its comparable-store sales and its bottom-line profitability trailed Home Depot's results .",0.022717107087373734,0.9663496613502502,0.010933157056570053,negative,-0.9436325430870056
9,2018-08-22 09:58:00,"The key highlights of the quarter:
• Comparable-store sales rose 5% to mark a solid jump over the prior quarter's less-than-1% uptick.",0.9578820466995239,0.02326410450041294,0.018853912129998207,positive,0.9346179366111755
10,2018-08-22 09:58:00,"Home Depot, by comparison, grew comps at a more robust 8% rate.",0.9036171436309814,0.023121381178498268,0.07326147705316544,positive,0.8804957866668701
11,2018-08-22 09:58:00,"• Gross profit margin was unchanged at 34%, but operating margin fell sharply, to 10% of sales from 12% a year ago.",0.01731007546186447,0.9734616279602051,0.009228317067027092,negative,-0.95615154504776
12,2018-08-22 09:58:00,The drop was powered by the combination of higher selling expenses and one-time charges associated with the store closures.,0.023648196831345558,0.9655188322067261,0.010832933709025383,negative,-0.9418706297874451
13,2018-08-22 09:58:00,Home Depot's comparable metric sits at 14.5%.,0.04225300997495651,0.015033235773444176,0.942713737487793,neutral,0.027219774201512337
14,2018-08-22 09:58:00,"• After adjusting for the $230 million closure charges, per-share earnings would have risen 32%, mainly thanks to falling tax liabilities.",0.9289331436157227,0.04932916909456253,0.021737638860940933,positive,0.8796039819717407
15,2018-08-22 09:58:00,"• Lowe's spent about $1.4 billion on direct capital returns, split between $338 million of dividend payments and $1.1 billion of stock repurchases.",0.06605801731348038,0.009610363282263279,0.9243316054344177,neutral,0.05644765496253967
16,2018-08-22 09:58:00,"What management had to say

In his first quarter as CEO, Marvin Ellison said management was happy with the results but also determined to make significant changes aimed at accelerating growth.",0.9031412601470947,0.018400488421320915,0.0784582793712616,positive,0.8847407698631287
17,2018-08-22 09:58:00,"""We posted solid results this quarter by capitalizing on delayed spring demand,"" Ellison said in a press release.",0.9512282609939575,0.02002415806055069,0.028747575357556343,positive,0.931204080581665
18,2018-08-22 09:58:00,"""We are committed to driving even stronger performance in the future,"" he continued, ""by sharpening our focus on retail fundamentals and by limiting any projects and initiatives that take us away from our core mission.""",0.7610020041465759,0.04230823740363121,0.19668981432914734,positive,0.7186937928199768
19,2018-08-22 09:58:00,That sharpening focus led to the closure of all of the company's Orchard Supply Hardware stores this quarter.,0.015910614281892776,0.9473162889480591,0.036773040890693665,negative,-0.9314056634902954
20,2018-08-22 09:58:00,But that's just the first step.,0.13197343051433563,0.009370047599077225,0.8586565256118774,neutral,0.1226033866405487
21,2018-08-22 09:58:00,"""We are developing plans to aggressively rationalize store inventory, reducing lower-performing inventory while investing in increased depth of high velocity items,"" Ellison said.",0.8691051602363586,0.012820480391383171,0.11807439476251602,positive,0.8562846779823303
22,2018-08-22 09:58:00,"Executives are also engaged in a review of Lowe's operations that should result in major changes to its growth strategy, which might include more closures or the exiting of other non-core businesses.",0.1015440821647644,0.01964498683810234,0.8788109421730042,neutral,0.08189909160137177
23,2018-08-22 09:58:00,"Ellison, who headed up Home Depot's U.S. store portfolio for many years, plans to announce the results of that assessment at the retailer's annual investor conference in December.",0.10075093060731888,0.005743867717683315,0.8935052752494812,neutral,0.09500706195831299
24,2018-08-22 09:58:00,Ellison left his post as CEO of J.C. Penney to rejoin Lowe's in early July.,0.04332095757126808,0.3909936845302582,0.5656853318214417,neutral,-0.3476727306842804
25,2018-08-22 09:58:00,"Meanwhile, the company's streak of trailing Home Depot appears set to continue.",0.8536965847015381,0.07758202403783798,0.06872137635946274,positive,0.7761145830154419
26,2018-08-22 09:58:00,"In fact, Lowe's lowered its revenue outlook slightly and now expects comparable-store sales to rise by 3% for the full year rather than the 3.5% it had previously predicted.",0.041700735688209534,0.9338803291320801,0.024418942630290985,negative,-0.8921796083450317
27,2018-08-22 09:58:00,"Its larger rival, on the other hand, just raised its 2018 expansion forecast, up to 5.3% from the prior target of 5%.",0.9539496898651123,0.0200637299567461,0.02598649263381958,positive,0.933885931968689
28,2018-08-22 09:58:00,"10 stocks we like better than Walmart

When investing geniuses David and Tom Gardner have a stock tip, it can pay to listen.",0.1507294625043869,0.029832763597369194,0.8194377422332764,neutral,0.12089669704437256
29,2018-08-22 09:58:00,"After all, the newsletter they have run for over a decade, the Motley Fool Stock Advisor, has tripled the market.",0.40675050020217896,0.06611427664756775,0.5271351933479309,neutral,0.3406362235546112
30,2018-08-22 09:58:00,"*

David and Tom just revealed what they believe are the ten best stocks for investors to buy right now... and Walmart wasn't one of them!",0.1912095695734024,0.014741521328687668,0.7940489053726196,neutral,0.17646804451942444
31,2018-08-22 09:58:00,That's right -- they think these 10 stocks are even better buys.,0.8146857619285583,0.02307075634598732,0.16224350035190582,positive,0.7916150093078613
32,2018-08-22 09:58:00,Click here to learn about these picks!,0.0694708302617073,0.055800698697566986,0.8747285008430481,neutral,0.01367013156414032
33,2018-08-22 09:58:00,The author(s) may have a position in any stocks mentioned.,0.01635848730802536,0.007312573958188295,0.9763289093971252,neutral,0.009045913815498352
34,2018-08-22 09:58:00,Demitrios Kalogeropoulos owns shares of Home Depot.,0.01521337777376175,0.009916125796735287,0.9748705625534058,neutral,0.0052972519770264626
35,2018-08-22 09:58:00,The Motley Fool has the following options: short September 2018 $180 calls on Home Depot and long January 2020 $110 calls on Home Depot.,0.013114538975059986,0.02937193214893341,0.9575135707855225,neutral,-0.016257394105196
36,2018-08-22 09:58:00,The Motley Fool recommends Home Depot.,0.055259834975004196,0.045598018914461136,0.8991421461105347,neutral,0.00966181606054306
37,2018-08-22 09:58:00,The Motley Fool has a disclosure policy .,0.016547108069062233,0.01730392687022686,0.9661489725112915,neutral,-0.0007568188011646271
38,2018-08-22 09:58:00,"The views and opinions expressed herein are the views and opinions of the author and do not necessarily reflect those of Nasdaq, Inc.",0.010204561054706573,0.01563790813088417,0.9741575717926025,neutral,-0.005433347076177597
