,datetime,sentence,positive,negative,neutral,global_sentiment,avg_sentiment
0,2017-11-15 22:53:00,A couple of months ago I managed to ruffle more than a few feathers by suggesting Home Depot Inc (NYSE: HD ) wasn't likely to benefit - on a net basis - too much despite a couple of hurricanes barreling through the southeastern part of the United States.,0.3983052670955658,0.41131895780563354,0.19037577509880066,negative,-0.013013690710067749
1,2017-11-15 22:53:00,That wasn't to suggest HD stock wasn't worth owning.,0.04220137745141983,0.059779681265354156,0.8980189561843872,neutral,-0.017578303813934326
2,2017-11-15 22:53:00,"It was simply to say if the only reason an investor wanted to own the stock was to capitalize on hurricane-driven demand, that wasn't good enough.",0.0668901652097702,0.10994650423526764,0.8231633305549622,neutral,-0.043056339025497437
3,2017-11-15 22:53:00,"The same day, I said the same thing about rival Lowe's Companies, Inc. (NYSE: LOW ), pointing out that history just didn't indicate major storms did either company as much good as presumed.",0.0986066535115242,0.44131261110305786,0.46008074283599854,neutral,-0.34270596504211426
4,2017-11-15 22:53:00,"Then, earlier this week, Home Depot posted its third-quarter numbers.",0.15614235401153564,0.042726241052150726,0.8011313676834106,neutral,0.11341611295938492
5,2017-11-15 22:53:00,"They were great , which some people quickly touted as vindication for making the event-minded trade.",0.6849163174629211,0.03793693333864212,0.27714669704437256,positive,0.6469793915748596
6,2017-11-15 22:53:00,The home improvement retailer even made a point of saying the pair of storms drove some business its way.,0.07452914118766785,0.6984112858772278,0.22705963253974915,negative,-0.6238821744918823
7,2017-11-15 22:53:00,"When you take a closer look at all the numbers and undertows though, you'll still find it's something else driving the sales growth Home Depot is enjoying.",0.14890804886817932,0.00896203238517046,0.8421299457550049,neutral,0.13994601368904114
8,2017-11-15 22:53:00,The good news: Last quarter's top line of $25.03 billion was 8% better than the year-ago total of $23.2 billion.,0.7130489349365234,0.26462042331695557,0.02233065478503704,positive,0.44842851161956787
9,2017-11-15 22:53:00,"The surprising news: Of the $1.88 billion year-over-year increase in sales, only $282 million (or 15%) of it stemmed from hurricane preparation and repair.",0.8348946571350098,0.04890020564198494,0.116205133497715,positive,0.7859944701194763
10,2017-11-15 22:53:00,"So yes, hurricanes Irma and Harvey provided something of a (no pun intended) tailwind, though not one that jibed with the bullish table-pounding from September.",0.298051655292511,0.34691953659057617,0.35502874851226807,neutral,-0.048867881298065186
11,2017-11-15 22:53:00,"And curiously, despite the bullish certainty that Home Depot and Lowe's would both thrive thanks to two devastating storms, Home Depot actually saw more of a financial benefit from hurricanes Irene and Sandy in 2012.",0.8872454166412354,0.03077564388513565,0.08197901397943497,positive,0.8564697504043579
12,2017-11-15 22:53:00,"The retailer did $377 million in additional, storm-spurred sales then .",0.296156644821167,0.028016861528158188,0.6758264303207397,neutral,0.2681397795677185
13,2017-11-15 22:53:00,It's not a bad thing.,0.19127516448497772,0.0511837862432003,0.7575410604476929,neutral,0.14009137451648712
14,2017-11-15 22:53:00,"In fact, it's a good thing … particularly if you're an HD stock owner.",0.24067844450473785,0.01113066915422678,0.7481909394264221,neutral,0.22954776883125305
15,2017-11-15 22:53:00,"While home repairs and damage-prevention can create new business, it's not a reliable source of revenue, and yours truly here still contends that hurricanes can temporarily or even permanently shut down businesses that would have otherwise brought business to Home Depot.",0.032114315778017044,0.8607005476951599,0.10718514770269394,negative,-0.828586220741272
16,2017-11-15 22:53:00,"Then why, pray tell, was the company able to up its full-year sales growth outlook to 6.3%?",0.9456956386566162,0.020342987030744553,0.03396141156554222,positive,0.9253526329994202
17,2017-11-15 22:53:00,"For the obvious reasons - home improvement, hardware and even homebuilding remain a red-hot business.",0.018860438838601112,0.024225840345025063,0.9569137096405029,neutral,-0.00536540150642395
18,2017-11-15 22:53:00,"The proof is in the overarching trends, like the ongoing increase in home prices … a rally that got started back in 2012 and hasn't stopped to look back once; the Case-Shiller and the FHFA data are in agreement here.",0.2851508855819702,0.026817157864570618,0.6880319714546204,neutral,0.2583337426185608
19,2017-11-15 22:53:00,"Then there's the nation's housing starts and building permits data, which had slowed down this year, and was more or less stopped in September when bad weather put many would-be new homes on hold.",0.044657960534095764,0.7184631824493408,0.23687884211540222,negative,-0.6738052368164062
20,2017-11-15 22:53:00,"The data isn't moving backwards though, and once the post-hurricane repairs move into full swing, these numbers could perk up as well.",0.7143375873565674,0.029131749644875526,0.25653067231178284,positive,0.6852058172225952
21,2017-11-15 22:53:00,"Then there's the incredible advance of new home sales, which had tapered this summer but surged in September to put the bigger trend back in place.",0.6395998597145081,0.03425035998225212,0.3261498212814331,positive,0.6053494811058044
22,2017-11-15 22:53:00,"Also note that while demand for new homes is strong, there's still a relatively limited supply of them (and a bunch of them were taken off the market in September).",0.03471542149782181,0.6074120402336121,0.3578726053237915,negative,-0.5726966261863708
23,2017-11-15 22:53:00,Home Depot still hasn't seen homebuilding demand at its peak potential yet.,0.33768603205680847,0.12750068306922913,0.5348132848739624,neutral,0.21018534898757935
24,2017-11-15 22:53:00,"In this light, something Home Depot's CFO Carol Tome said during the earnings conference call is much easier to digest now: ""As we think about housing broadly and fears of slowdown, we don't see that for 2018, 2019 and 2020.""",0.03129178658127785,0.38205066323280334,0.5866575241088867,neutral,-0.3507588803768158
25,2017-11-15 22:53:00,"Point being, while the hurricane shtick makes for great headlines, it's largely irrelevant to true long-term shareholders (for better or worse).",0.0444793663918972,0.04596957191824913,0.9095510840415955,neutral,-0.0014902055263519287
26,2017-11-15 22:53:00,The Home Depot story is one founded on much bigger matters.,0.047808222472667694,0.03842178359627724,0.9137700200080872,neutral,0.009386438876390457
27,2017-11-15 22:53:00,That's why traders may want to worry less about event-driven possibilities and more about aforementioned data like home prices and construction activity.,0.03856842964887619,0.04231024160981178,0.9191213250160217,neutral,-0.0037418119609355927
28,2017-11-15 22:53:00,"Hurricanes can't overcome a weak home improvement and homebuilding market, and a lack of hurricanes can't crimp a strong home improvement and homebuilding market.",0.12369354814291,0.3471153676509857,0.5291910767555237,neutral,-0.22342181205749512
29,2017-11-15 22:53:00,"And right now, owners of HD stock can be excited about the bigger-picture trend that's doing much more for the company than any hurricane season ever could.",0.503861129283905,0.018120743334293365,0.4780180752277374,positive,0.48574039340019226
30,2017-11-15 22:53:00,Keep your eyes on the more meaningful matters.,0.031586047261953354,0.009931246750056744,0.9584826827049255,neutral,0.021654799580574036
31,2017-11-15 22:53:00,"As of this writing, James Brumley did not hold a position in any of the aforementioned securities.",0.009174379520118237,0.0268092043697834,0.9640164375305176,neutral,-0.01763482391834259
32,2017-11-15 22:53:00,You can follow him on Twitter .,0.08172476291656494,0.04333837330341339,0.8749368786811829,neutral,0.03838638961315155
33,2017-11-15 22:53:00,"• The 10 Best Mutual Funds to Buy for 2018
• 7 Marijuana Stocks to Buy That Won't Burn You

The post Home Depot Inc Stock Is a Buy, But Hurricanes Have Little to Do With It appeared first on InvestorPlace .",0.13391539454460144,0.025848042219877243,0.8402366042137146,neutral,0.1080673485994339
34,2017-11-15 22:53:00,"The views and opinions expressed herein are the views and opinions of the author and do not necessarily reflect those of Nasdaq, Inc.",0.010204561054706573,0.01563790813088417,0.9741575717926025,neutral,-0.005433347076177597
