,datetime,sentence,positive,negative,neutral,global_sentiment,avg_sentiment
0,2017-05-17 21:56:00,"Q1 earnings season is almost over, and earnings growth reached some of the highest levels investors have seen in five years.",0.9292632341384888,0.017507951706647873,0.05322885140776634,positive,0.9117552638053894
1,2017-05-17 21:56:00,"One sector, however, continues to disappoint: Retail.",0.030737651512026787,0.8619747161865234,0.10728763788938522,negative,-0.8312370777130127
2,2017-05-17 21:56:00,But this shouldn't come as a surprise.,0.05668589100241661,0.06408648192882538,0.8792276382446289,neutral,-0.007400590926408768
3,2017-05-17 21:56:00,"The same problems that affected the sector a year ago are still causing growing pains, as retailers continue to grapple with the rise of e-commerce, declining sales, and changing consumer preferences.",0.02540723979473114,0.9483265280723572,0.02626621723175049,negative,-0.9229192733764648
4,2017-05-17 21:56:00,"This season, department stores took a nasty beating.",0.031244957819581032,0.9035161733627319,0.06523892283439636,negative,-0.8722712397575378
5,2017-05-17 21:56:00,"After Macy's M , Kohl's KSS , and Dillard's DDS reported disappointing earnings, investors panicked , and almost every major apparel retailer suffered as a result.",0.01984884776175022,0.9609931111335754,0.019157947972416878,negative,-0.9411442875862122
6,2017-05-17 21:56:00,The same domino effect occurred when Dick's Sporting Goods DKS reported its earnings; sporting goods peers and sports retailers alike weren't able to escape negative investor sentiment.,0.025560857728123665,0.9521310925483704,0.02230806089937687,negative,-0.9265702366828918
7,2017-05-17 21:56:00,There were some bright spots in Retail's earnings.,0.9015294313430786,0.03041718900203705,0.06805331259965897,positive,0.8711122274398804
8,2017-05-17 21:56:00,"Home Depot HD crushed analyst expectations once again, retaining a four-year long trend of bearing earnings estimates.",0.8594380021095276,0.09880197793245316,0.04175999388098717,positive,0.760636031627655
9,2017-05-17 21:56:00,"Beauty giant Ulta ULTA hasn't reported its results yet, and the #2 (Buy)-ranked company has consistently beaten estimates in the past four quarters.",0.7767808437347412,0.14664381742477417,0.07657530903816223,positive,0.630137026309967
10,2017-05-17 21:56:00,"Big-box favorites Walmart WMT and Target TGT had surprisingly good quarters as well, with shares of both companies rising as a result.",0.9465229511260986,0.022721223533153534,0.03075576387345791,positive,0.9238017201423645
11,2017-05-17 21:56:00,Who performed better in Q1?,0.8378217220306396,0.05677731707692146,0.1054009422659874,positive,0.7810444235801697
12,2017-05-17 21:56:00,And who is better-positioned in the long-term?,0.1846679002046585,0.032466500997543335,0.782865583896637,neutral,0.15220139920711517
13,2017-05-17 21:56:00,Let's break down Walmart's and Target's results to find out.,0.015841353684663773,0.02373628504574299,0.9604223370552063,neutral,-0.007894931361079216
14,2017-05-17 21:56:00,"Still America's largest brick-and-mortar retailer, Walmart reported better-than-expected earnings of $1.00 per share, beating the Zacks Consensus Estimate of 96 cents.",0.8446149826049805,0.132503941655159,0.022881051525473595,positive,0.7121110558509827
15,2017-05-17 21:56:00,"Total revenues came in at $117.5 billion, falling just short of our consensus estimate but increasing 1.4% year-over-year.",0.05917568504810333,0.9154743552207947,0.025349926203489304,negative,-0.8562986850738525
16,2017-05-17 21:56:00,"U.S. same-store sales rose 1.4%, beating analyst estimates and marking the 11 th -consecutive period of positive sales in the Walmart's home market; comp traffic improved 1.5%, though average ticket declined 0.1% in Q1.",0.9461527466773987,0.035277023911476135,0.018570194020867348,positive,0.9108757376670837
17,2017-05-17 21:56:00,The impact of rising consumer spending was seen in improved traffic during the quarter.,0.9464917778968811,0.02370590902864933,0.029802309349179268,positive,0.9227858781814575
18,2017-05-17 21:56:00,"Operating income declined 0.7% to $5.24 billion, though this was due to Walmart's continued investments in e-commerce initiatives as it takes on Amazon.com AMZN .",0.019125724211335182,0.9694988131523132,0.011375365778803825,negative,-0.950373113155365
19,2017-05-17 21:56:00,"Speaking of online, Walmart noted that its e-commerce business saw gross merchandise volume soar 69%, a sign that last year's $3.3 billion acquisition of Jet.com may finally be paying off.",0.9313628077507019,0.039371058344841,0.0292661190032959,positive,0.8919917345046997
20,2017-05-17 21:56:00,"Walmart now boasts 50 million items on its website, up from 35 million in the last quarter.",0.9529001712799072,0.0204948578029871,0.026604952290654182,positive,0.9324052929878235
21,2017-05-17 21:56:00,"While not the country's biggest retailer, Target may be one of Americans' most preferred.",0.2178027629852295,0.027743294835090637,0.7544539570808411,neutral,0.19005946815013885
22,2017-05-17 21:56:00,"The company reported adjusted earnings of $1.21 per share, comfortably surpassing the Zacks Consensus Estimate of 89 cents.",0.9443614482879639,0.022323166951537132,0.033315420150756836,positive,0.9220382571220398
23,2017-05-17 21:56:00,"Net revenues came in at $16.02 billion, also beating our consensus estimate but decreasing 1.1% year-over-year.",0.06934672594070435,0.9088775515556335,0.021775756031274796,negative,-0.8395308256149292
24,2017-05-17 21:56:00,"Net income rose to $681 million, while Target said that its same-store sales fell 1.3%, a much narrower decline than the 3.7% analysts were forecasting.",0.019466351717710495,0.9715836048126221,0.008949998766183853,negative,-0.9521172642707825
25,2017-05-17 21:56:00,The company attributes this to a decline in customer visits and shoppers picking up fewer items on average; sales in its struggling food and beverage business were also down.,0.01692775823175907,0.9713181853294373,0.011754143983125687,negative,-0.9543904066085815
26,2017-05-17 21:56:00,"Target continues to expand its online presence, and Q1 was no exception: comparable digital channel sales grew 22% and contributed 0.8 percentage points to overall same-store sales growth.",0.9575610160827637,0.018069526180624962,0.024369485676288605,positive,0.9394915103912354
27,2017-05-17 21:56:00,Target is trying to replicate the kind of shopping experience customers know and love in its stores on its website.,0.09200900048017502,0.005825807340443134,0.9021651744842529,neutral,0.08618319034576416
28,2017-05-17 21:56:00,"We all know these memes about walking into a Target and when getting to the check out, not knowing how you just spent so much money.",0.04372900351881981,0.08843155205249786,0.8678394556045532,neutral,-0.044702548533678055
29,2017-05-17 21:56:00,"Target's management is looking to mimic that kind of ""impulse purchasing power"" in its online store.",0.21063928306102753,0.007645027246326208,0.7817156910896301,neutral,0.20299425721168518
30,2017-05-17 21:56:00,Who did it better?,0.11182207614183426,0.10616397112607956,0.782014012336731,neutral,0.0056581050157547
31,2017-05-17 21:56:00,"While Target beat analyst expectations across the board, giving investors renewed hope that its turnaround efforts might be starting to take effect, the company's CEO, Brad Cornell, knows Target can perform better.",0.9478924870491028,0.02268947660923004,0.0294179730117321,positive,0.9252030253410339
32,2017-05-17 21:56:00,"""We're not doing any high-fives in the room here today,"" he told analysts and investors on the company's earnings call.",0.09739621728658676,0.11521125584840775,0.7873925566673279,neutral,-0.017815038561820984
33,2017-05-17 21:56:00,"""Our first-quarter performance is not what we expect to deliver over time.""",0.28077903389930725,0.5787282586097717,0.14049270749092102,negative,-0.2979492247104645
34,2017-05-17 21:56:00,But Target is taking big steps to improve short- and long-term growth.,0.8905519247055054,0.014184185303747654,0.09526390582323074,positive,0.8763677477836609
35,2017-05-17 21:56:00,"The company is planning on rolling out 12 original brands over the next two years in hopes of getting more customers back in its stores; the first, called Cloud Island, will debut later in May and features home décor, bedding, and bath items.",0.6913402676582336,0.011929502710700035,0.2967301607131958,positive,0.6794107556343079
36,2017-05-17 21:56:00,Target also plans on expanding its smaller-format stores that populate larger metropolitan areas.,0.8621286153793335,0.012857762165367603,0.12501361966133118,positive,0.8492708802223206
37,2017-05-17 21:56:00,"Target COO John Mulligan said that for the company's 10 most ""mature small-format stores, we are seeing double-digit comp increases on average so far this year.""",0.9159650802612305,0.029759565368294716,0.05427529290318489,positive,0.8862054944038391
38,2017-05-17 21:56:00,"The clear winner in this particular match-up, however, is Walmart.",0.5742684006690979,0.029597988352179527,0.3961336314678192,positive,0.5446704030036926
39,2017-05-17 21:56:00,"Most strikingly, of course, is the retailer's insane online growth.",0.557571530342102,0.034980408847332,0.4074479937553406,positive,0.5225911140441895
40,2017-05-17 21:56:00,"Not only is it giving Amazon a run for its money through its website sales, but Walmart has also been boosting its online acquisition portfolio, scooping up Moosejaw, Modcloth, Shoebuy, and potentially Bonobos, in addition to Jet.com.",0.9389467239379883,0.018500130623579025,0.04255317151546478,positive,0.9204465746879578
41,2017-05-17 21:56:00,"At the same time, Walmart is taking steps to improve its many brick-and-mortar stores, implementing cleaner aisles and faster checkouts, for example.",0.9159228801727295,0.017680924385786057,0.06639619916677475,positive,0.8982419371604919
42,2017-05-17 21:56:00,"The company is also doubling down on pricing in its grocery division, making sure its prices are best in comparison to rivals like Kroger and Aldi.",0.09108363091945648,0.7624103426933289,0.14650604128837585,negative,-0.6713266968727112
43,2017-05-17 21:56:00,"Both giants have plans to expand their store count this year, and each of these companies' earnings report is a sign that the Retail sector has some life left in it.",0.9013293981552124,0.018602048978209496,0.08006852120161057,positive,0.882727324962616
44,2017-05-17 21:56:00,"Walmart, especially, is impressive, and while its online expansion hasn't come cheap-its expenses grew faster that its sales in Q1-the retail giant is a consistently great example of a company taking on Amazon…and winning?",0.8519191145896912,0.022151915356516838,0.12592890858650208,positive,0.8297672271728516
45,2017-05-17 21:56:00,"Stocks that Aren't in the News…Yet

You are invited to download the full, up-to-the-minute list of 220 Zacks Rank #1 ""Strong Buys"" free of charge.",0.1164168044924736,0.03029671125113964,0.8532864451408386,neutral,0.08612009137868881
46,2017-05-17 21:56:00,Many of these companies are almost unheard of by the general public and just starting to get noticed by Wall Street.,0.09842193126678467,0.027202969416975975,0.8743751049041748,neutral,0.07121895998716354
47,2017-05-17 21:56:00,"They have been pinpointed by the Zacks system that nearly tripled the market from 1988 through 2015, with a stellar average gain of +26% per year.",0.8558115363121033,0.014694244600832462,0.12949420511722565,positive,0.841117262840271
48,2017-05-17 21:56:00,"See these high-potential stocks now >>

Want the latest recommendations from Zacks Investment Research?",0.032846029847860336,0.010874210856854916,0.9562796950340271,neutral,0.021971818059682846
49,2017-05-17 21:56:00,"Today, you can download 7 Best Stocks for the Next 30 Days.",0.05069372057914734,0.007019792217761278,0.9422864317893982,neutral,0.04367392882704735
50,2017-05-17 21:56:00,"Click to get this free report

To read this article on Zacks.com click here.",0.02068457007408142,0.033159855753183365,0.9461556077003479,neutral,-0.012475285679101944
51,2017-05-17 21:56:00,"The views and opinions expressed herein are the views and opinions of the author and do not necessarily reflect those of Nasdaq, Inc.",0.010204566642642021,0.01563790813088417,0.9741575717926025,neutral,-0.005433341488242149
