,datetime,sentence,positive,negative,neutral,global_sentiment,avg_sentiment
0,2016-09-20 22:46:00,Wal-Mart (NYSE: WMT) and Home Depot (NYSE: HD) are two of the biggest names in American retail.,0.15313494205474854,0.016006536781787872,0.8308585286140442,neutral,0.13712841272354126
1,2016-09-20 22:46:00,"One is the iconic big-box store, selling everything from clothing to food to electronics, while the other is the clear leader in home-improvement supplies.",0.36944955587387085,0.014552566222846508,0.6159979104995728,neutral,0.35489699244499207
2,2016-09-20 22:46:00,"Both companies bring in the vast majority of their sales from domestic stores and have become fixtures of the national retail landscape, with thousands of locations across the country.",0.32099613547325134,0.009570722468197346,0.6694331765174866,neutral,0.31142541766166687
3,2016-09-20 22:46:00,"Today, as part of our Better Buy series, we size up each retailer to see which stock is the better choice.",0.18721191585063934,0.0072916485369205475,0.8054963946342468,neutral,0.1799202710390091
4,2016-09-20 22:46:00,Times have changed at Wally World.,0.04952922463417053,0.04725179821252823,0.9032189249992371,neutral,0.0022774264216423035
5,2016-09-20 22:46:00,Today's Wal-Mart is in the middle of a massive reboot to address challenges from Amazon.com and the rest of e-commerce as it transforms itself into the retail leader for the 21st century.,0.9024940133094788,0.016396410763263702,0.08110962808132172,positive,0.8860976099967957
6,2016-09-20 22:46:00,"The world's largest retailer has spent billions on wage hikes each of the last two years, lifting its minimum wage to $10/hour from the national minimum wage of $7.25.",0.8173225522041321,0.09262071549892426,0.09005668014287949,positive,0.7247018218040466
7,2016-09-20 22:46:00,"It's increased training, reduced merchandise stock-outs, and improved its inventory management.",0.9398382306098938,0.02100101113319397,0.03916075825691223,positive,0.9188371896743774
8,2016-09-20 22:46:00,"It's also experimented with futuristic ideas like drone delivery and a self-driving shopping cart, and it's rolled out more than 400 kiosks in store parking lots nationwide to facilitate its new online grocery pick-up program.",0.4139315187931061,0.009462057612836361,0.5766063928604126,neutral,0.40446946024894714
9,2016-09-20 22:46:00,"This summer, Wal-Mart completed its biggest acquisition ever in the U.S., buying Jet.com for $3.3 billion.",0.7647578120231628,0.012804724276065826,0.22243741154670715,positive,0.7519530653953552
10,2016-09-20 22:46:00,"It was also the largest price tag ever paid for a U.S. e-commerce company, a sign of Wal-Mart's intentions to challenge Amazon in the space.",0.5097327828407288,0.30646535754203796,0.1838018000125885,positive,0.2032674252986908
11,2016-09-20 22:46:00,There is evidence that Wal-Mart's moves have paid off.,0.8719533681869507,0.02265835925936699,0.1053883507847786,positive,0.8492950201034546
12,2016-09-20 22:46:00,"The company posted its best comparable sales growth in years, at 1.6% in its most recent quarter, and also reversed a two-year slide in e-commerce sales growth thanks in part to the online grocery program.",0.9455065727233887,0.03691791370511055,0.017575440928339958,positive,0.9085886478424072
13,2016-09-20 22:46:00,"Despite that momentum, Wal-Mart's earnings per share are still expected to fall about 5% this year due to the above investments, but management expects earnings per share to return to 5-10% growth by fiscal 2019 (calendar 2018.)",0.03405535966157913,0.9381165504455566,0.027828050777316093,negative,-0.9040611982345581
14,2016-09-20 22:46:00,"While Wal-Mart stock has been relatively flat over the last five years, Home Depot has been one of the best-performing stocks on the market, more than tripling during that time.",0.8654554486274719,0.07352180033922195,0.061022788286209106,positive,0.7919336557388306
15,2016-09-20 22:46:00,"The home-improvement retailer has benefited from a strong housing recovery, Americans' spending more of their budget on home improvement, and a savvy strategy.",0.906304121017456,0.012377728708088398,0.0813181921839714,positive,0.8939263820648193
16,2016-09-20 22:46:00,"Comparable sales have been in the mid-high single digits for several years, bucking a trend in the wider retail industry.",0.7947679758071899,0.01948574371635914,0.18574626743793488,positive,0.7752822041511536
17,2016-09-20 22:46:00,"Building materials stores in general have seen sales consistently climb, in part because they are not threatened by Amazon the way other retailers like Wal-Mart are.",0.9363985061645508,0.026236185804009438,0.03736523538827896,positive,0.9101623296737671
18,2016-09-20 22:46:00,"In its most recent quarter, Home Depot saw comparable sales increase 4.7%, with U.S. comps up 5.4% and earnings per share up 14%.",0.9564529657363892,0.021174442023038864,0.02237267978489399,positive,0.9352785348892212
19,2016-09-20 22:46:00,"Since 2008, the company has resisted opening new stores, and its store count is roughly the same as it was eight years ago.",0.019836490973830223,0.8327467441558838,0.14741678535938263,negative,-0.812910258769989
20,2016-09-20 22:46:00,"Today, it's 2,275.",0.040801040828228,0.014596095308661461,0.9446028470993042,neutral,0.026204945519566536
21,2016-09-20 22:46:00,"Instead of spending on new stores, the company has invested that money in store improvements, an enhanced e-commerce platform, and returning capital to shareholders through share buybacks and dividends.",0.8233128786087036,0.012579542584717274,0.1641075760126114,positive,0.8107333183288574
22,2016-09-20 22:46:00,"Over the past five years, its dividend nearly tripled, and management reduced shares outstanding by 20%, meaning doubling net income has led to a 156% increase in earnings per share.",0.023347800597548485,0.9639266133308411,0.012725602835416794,negative,-0.940578818321228
23,2016-09-20 22:46:00,"Late last year, the company outlined goals for fiscal 2018 (calendar 2018), including annual compound sales growth of 4.7%, an operating margin of 14.5%, up from 13.3%, and return on invested capital of 35%.",0.9475057721138,0.015420621261000633,0.03707362711429596,positive,0.9320851564407349
24,2016-09-20 22:46:00,"Reaching those goals would mean a 25% increase in operating income, which could mean 40% growth in earnings per share if buybacks continue at the same pace.",0.9423678517341614,0.01413319818675518,0.04349903762340546,positive,0.9282346367835999
25,2016-09-20 22:46:00,And the better buy is...,0.409811794757843,0.024199219420552254,0.5659890174865723,neutral,0.3856125771999359
26,2016-09-20 22:46:00,Both companies face potential challenges ahead.,0.18216033279895782,0.14237049221992493,0.6754692196846008,neutral,0.0397898405790329
27,2016-09-20 22:46:00,"The success of Wal-Mart's turnaround strategy is not guaranteed, especially as Amazon continues to make its Prime membership more appealing, while Home Depot could see housing growth fade, especially if the Federal Reserve raises interest rates, which would lift mortgage rates.",0.6716961860656738,0.21554021537303925,0.11276356875896454,positive,0.4561559557914734
28,2016-09-20 22:46:00,"On a P/E basis, Wal-Mart is the cheaper stock at 15.5, compared to 21.3 for Home Depot.",0.44740229845046997,0.20108643174171448,0.35151124000549316,positive,0.2463158667087555
29,2016-09-20 22:46:00,"Wal-Mart also offers a better dividend yield at 2.8% compared to Home Depot's 2.1%, but Home Depot's dividend has been growing much faster.",0.8915417194366455,0.06820540875196457,0.04025284945964813,positive,0.8233363032341003
30,2016-09-20 22:46:00,"A good argument can be made for each stock here, but I'd go with Home Depot based on its track record, dividend growth, and strong comparable sales growth.",0.25472086668014526,0.008998322300612926,0.7362808585166931,neutral,0.24572254717350006
31,2016-09-20 22:46:00,"Wal-Mart's turnaround may ultimately pay off for investors, but right now Home Depot looks like the safer bet.",0.6024078726768494,0.045436788350343704,0.3521553874015808,positive,0.5569710731506348
32,2016-09-20 22:46:00,"The world's biggest tech company forgot to show you something, but a few Wall Street analysts and the Fool didn't miss a beat: There's a small company that's powering their brand-new gadgets and the coming revolution in technology.",0.07462237030267715,0.16781271994113922,0.757564902305603,neutral,-0.09319034963846207
33,2016-09-20 22:46:00,And we think its stock price has nearly unlimited room to run for early in-the-know investors!,0.28927910327911377,0.013621804304420948,0.6970990896224976,neutral,0.2756572961807251
34,2016-09-20 22:46:00,"To be one of them, just click here .",0.08918054401874542,0.07975278049707413,0.8310666680335999,neutral,0.009427763521671295
35,2016-09-20 22:46:00,Jeremy Bowman has no position in any stocks mentioned.,0.011148006655275822,0.04919901862740517,0.9396529793739319,neutral,-0.03805101290345192
36,2016-09-20 22:46:00,The Motley Fool owns shares of and recommends Amazon.com.,0.0404672771692276,0.027035051956772804,0.9324976205825806,neutral,0.013432225212454796
37,2016-09-20 22:46:00,The Motley Fool recommends Home Depot.,0.055259834975004196,0.045598018914461136,0.8991421461105347,neutral,0.00966181606054306
38,2016-09-20 22:46:00,Try any of our Foolish newsletter services free for 30 days .,0.02325451746582985,0.013860778883099556,0.9628846645355225,neutral,0.009393738582730293
39,2016-09-20 22:46:00,"We Fools may not all hold the same opinions, but we all believe that considering a diverse range of insights makes us better investors.",0.7942618727684021,0.015105843544006348,0.19063223898410797,positive,0.7791560292243958
40,2016-09-20 22:46:00,The Motley Fool has a disclosure policy .,0.016547100618481636,0.017303917557001114,0.9661489725112915,neutral,-0.0007568169385194778
41,2016-09-20 22:46:00,"The views and opinions expressed herein are the views and opinions of the author and do not necessarily reflect those of Nasdaq, Inc.",0.010204566642642021,0.01563790813088417,0.9741575717926025,neutral,-0.005433341488242149
