,datetime,sentence,positive,negative,neutral,global_sentiment,avg_sentiment
0,2020-10-20 15:53:00,"I always end ""Mad Money"" by saying that there's always a bull market somewhere, and it's my job to find it.",0.04566488787531853,0.02605736441910267,0.9282777309417725,neutral,0.01960752345621586
1,2020-10-20 15:53:00,"Tuesday morning, with the reporting of the numbers from British giant Reckitt Benckiser (RBGLY) and Cincinnati's Procter & Gamble (PG) , I have found a new one: the bull market in hygiene.",0.35690346360206604,0.022253893315792084,0.6208426356315613,neutral,0.33464956283569336
2,2020-10-20 15:53:00,"Sure, they both reported extraordinary numbers with RB and Procter giving 13% and 9% organic growth, respectively.",0.9138427972793579,0.016489582136273384,0.06966757029294968,positive,0.8973532319068909
3,2020-10-20 15:53:00,"For those of you new to these behemoths, those are smashing numbers.",0.3180820047855377,0.06647979468107224,0.6154382228851318,neutral,0.2516022026538849
4,2020-10-20 15:53:00,Some analysts were looking for half that growth.,0.16499458253383636,0.03241154924035072,0.8025938272476196,neutral,0.13258303701877594
5,2020-10-20 15:53:00,"But when you dig down, you see the bull market lurking: for Procter, you have fabric and home care rallying 14%, and health care 12%, RB cuts right through the bull and tells us that hygiene soared 19.5% and health soared 6%.",0.6780309081077576,0.03789881244301796,0.2840702533721924,positive,0.6401320695877075
6,2020-10-20 15:53:00,"You are most likely pretty familiar with Procter's hygiene products, such as Gain or Tide, Cascade, Joy and Mr. Clean, but you might be a big user of some of the RB hygiene line such as Lysol, up 70% year-over-year in all of its permutation, whether it be spray or wipes, all of which were being made around the clock to meet demand.",0.5243944525718689,0.010842496529221535,0.46476301550865173,positive,0.5135519504547119
7,2020-10-20 15:53:00,"You may not know Dettol, the overseas equivalent, which is doing fabulously.",0.3329332768917084,0.0251864455640316,0.6418802738189697,neutral,0.3077468276023865
8,2020-10-20 15:53:00,"Now, when you find a new bull market, you have to be sure it has staying power through thick and thin.",0.2572508156299591,0.020121248438954353,0.7226278781890869,neutral,0.2371295690536499
9,2020-10-20 15:53:00,"That's something that was taken on directly by both the chief financial officer of Procter & Gamble, Jon Moeller, who runs the call, and CEO Laxman Narasimhan for Reckitt.",0.04260207340121269,0.01918683759868145,0.9382110834121704,neutral,0.023415235802531242
10,2020-10-20 15:53:00,"""We do expect that there's some stickiness to new habits that are being formed,"" Moeller said about the hygiene obsession.",0.49877646565437317,0.015209754928946495,0.48601385951042175,positive,0.4835667014122009
11,2020-10-20 15:53:00,"""It's hard for us to see in our interactions with consumers that we're going to snap back and revert to the same attitudes and the same behaviors"" that we collectively had pre-Covid.",0.07187721878290176,0.13949638605117798,0.7886263728141785,neutral,-0.06761916726827621
12,2020-10-20 15:53:00,"Moeller then talked about how our grandparents, who survived the depression, often hoarded more food than we would.",0.07768908143043518,0.07589016109704971,0.8464207649230957,neutral,0.0017989203333854675
13,2020-10-20 15:53:00,"""Consumer habits,"" Moeller continued, ""once they're established in our categories, are rarely reversed.""",0.059177082031965256,0.04315515235066414,0.8976677060127258,neutral,0.016021929681301117
14,2020-10-20 15:53:00,Hygiene's a habit that's not going away.,0.07855086028575897,0.09199929237365723,0.8294498324394226,neutral,-0.013448432087898254
15,2020-10-20 15:53:00,Laxman Narasimhan told me that the hygiene trend is the most powerful theme in all of consumer packaged goods right now.,0.16248328983783722,0.017960013821721077,0.819556713104248,neutral,0.1445232778787613
16,2020-10-20 15:53:00,They are producing five times the amount of their hygiene products they made last year.,0.22603395581245422,0.01508618425577879,0.7588798999786377,neutral,0.21094776690006256
17,2020-10-20 15:53:00,"I think it's pretty clear that the cost of that expansion was huge, but is now largely behind it, which means there could be some terrific margin expansion ahead.",0.6917309165000916,0.019940920174121857,0.2883281409740448,positive,0.6717900037765503
18,2020-10-20 15:53:00,"His comments on the call were on point: ""Most importantly, the pandemic has heightened the social importance of hygiene, seen increasingly as a foundation for health by all.",0.68248051404953,0.024325674399733543,0.2931938171386719,positive,0.6581548452377319
19,2020-10-20 15:53:00,"We're seeing that 86% of consumers are reporting that their hygiene practices have improved over the course of this period.""",0.9219446182250977,0.036088429391384125,0.041966959834098816,positive,0.8858562111854553
20,2020-10-20 15:53:00,"Jeff Carr, the firm's CFO, says that the belief is that ""a vaccine or a quick reversal of the pandemic"" is not going to change that view.",0.1131921112537384,0.1768098622560501,0.7099980115890503,neutral,-0.0636177510023117
21,2020-10-20 15:53:00,"Now, sometimes I don't want to overthink it: soap, detergent, and disinfectant are all hygienic, which means that you can easily extrapolate them to companies like Colgate (CL) , Clorox (CLX) and, to a lesser extent, Church & Dwight (CHD) , which owns Arm & Hammer.",0.020264027640223503,0.026045983657240868,0.9536900520324707,neutral,-0.0057819560170173645
22,2020-10-20 15:53:00,"We owned Colgate for Action Alerts PLUS and sold it for a small profit, but after listening to this call, I said its soap and disinfectant lineup's very powerful and on an election/stimulus defeat decline, maybe we should buy it back.",0.1410248726606369,0.024610435590147972,0.834364652633667,neutral,0.11641443520784378
23,2020-10-20 15:53:00,Just mulling.,0.1293874979019165,0.04717330262064934,0.8234391808509827,neutral,0.08221419155597687
24,2020-10-20 15:53:00,Clorox seems a bit played out and Church & Dwight has a lot of other moving parts.,0.016957417130470276,0.06273428350687027,0.9203082919120789,neutral,-0.045776866376399994
25,2020-10-20 15:53:00,But let me posit another idea: L Brands (LB) .,0.03683345392346382,0.01111855823546648,0.9520480036735535,neutral,0.025714896619319916
26,2020-10-20 15:53:00,"Here's a company with a dominant division, Victoria's Secret, which his faltering badly, but its Bath & Body Works, at $5.1 billion in sales, about half of the company's revenues, may be a hidden gem, something so far that only JPMorgan analyst Matt Boss has been pushing.",0.12217661738395691,0.04094197228550911,0.8368813991546631,neutral,0.0812346488237381
27,2020-10-20 15:53:00,He says there is 50% upside because of it.,0.3213394284248352,0.02662939950823784,0.6520311832427979,neutral,0.29471004009246826
28,2020-10-20 15:53:00,"I say that the hygiene bull market takes many forms, but soap stands out and that puts Bath and Body Works into the raging bull category.",0.05348074808716774,0.013272212818264961,0.9332470893859863,neutral,0.04020853340625763
29,2020-10-20 15:53:00,Hygiene.,0.045892369002103806,0.016825413331389427,0.9372822046279907,neutral,0.02906695567071438
30,2020-10-20 15:53:00,It's here.,0.21181811392307281,0.011876776814460754,0.7763051390647888,neutral,0.19994133710861206
31,2020-10-20 15:53:00,It's not going away.,0.11795957386493683,0.09500157088041306,0.7870388627052307,neutral,0.022958002984523773
32,2020-10-20 15:53:00,And what a great place to be regardless of who wins for president.,0.2845320999622345,0.021609241142868996,0.6938586235046387,neutral,0.26292285323143005
