,datetime,sentence,positive,negative,neutral,global_sentiment,avg_sentiment
0,2016-10-31 08:59:00,It's a poorly kept secret that dividends are a large driver of stock market returns.,0.032160062342882156,0.1885673999786377,0.7792724967002869,neutral,-0.15640734136104584
1,2016-10-31 08:59:00,"Over the past 25 years, the S&P 500 index has provided investors with a nearly 450% return.",0.9013057947158813,0.01508159190416336,0.08361267298460007,positive,0.8862242102622986
2,2016-10-31 08:59:00,"However, if investors would have reinvested dividends, their pre-tax return would be approximately 80% higher at 810%.",0.32317066192626953,0.01926777884364128,0.6575615406036377,neutral,0.30390289425849915
3,2016-10-31 08:59:00,"With that in mind, we asked a few Motley Fool contributors their favorite dividend stocks to buy in November.",0.07236850261688232,0.011051489040255547,0.9165800213813782,neutral,0.06131701171398163
4,2016-10-31 08:59:00,"This dividend is as solid as steel

Neha Chamaria : One dividend stock that's caught my attention this month is Nucor Corporation (NYSE: NUE) .",0.46965301036834717,0.012146929278969765,0.5182000398635864,neutral,0.45750609040260315
5,2016-10-31 08:59:00,"The steelmaker's recently released third-quarter numbers didn't go down well with the market, as the company missed analyst estimates, but Nucor delivered a solid quarter in reality, with its net income for the first nine months of the year climbing 30% year over year.",0.9351780414581299,0.04305025935173035,0.02177160419523716,positive,0.8921277523040771
6,2016-10-31 08:59:00,"With that kind of growth in profits, shareholders can safely expect Nucor to dole out higher dividends going forward.",0.9036225080490112,0.016459735110402107,0.07991774380207062,positive,0.8871627449989319
7,2016-10-31 08:59:00,"In fact, Nucor isn't any other dividend stock.",0.016054078936576843,0.011283203028142452,0.9726626873016357,neutral,0.004770875908434391
8,2016-10-31 08:59:00,It's a dividend aristocrat that has increased its dividend for 43 straight years and has paid out a dividend for 174 consecutive quarters now.,0.8627105951309204,0.014426658861339092,0.12286277860403061,positive,0.8482839465141296
9,2016-10-31 08:59:00,No other company in its industry boasts such an incredible dividend record.,0.5921732783317566,0.013596471399068832,0.3942302167415619,positive,0.5785768032073975
10,2016-10-31 08:59:00,"Moreover, Nucor wouldn't be maintaining such a streak given the cyclicality of steel business if it weren't financially strong and stable.",0.3031020164489746,0.021496186032891273,0.6754018068313599,neutral,0.2816058397293091
11,2016-10-31 08:59:00,"In fact, Nucor's balance sheet is among the strongest in the industry, with limited debt and ample liquid cash.",0.7301638722419739,0.020456278696656227,0.24937987327575684,positive,0.7097076177597046
12,2016-10-31 08:59:00,"What's more, the steelmaker generated twice as much free cash flow as net income during the trailing 12 months, which is incredible, as a company pays dividends out of its FCF.",0.7706881761550903,0.02209199219942093,0.20721977949142456,positive,0.74859619140625
13,2016-10-31 08:59:00,So there's every chance Nucor will be able to maintain its streak of dividend increases in the coming years.,0.921186625957489,0.013962277211248875,0.06485108286142349,positive,0.9072243571281433
14,2016-10-31 08:59:00,"With Nucor offering a juicy dividend yield of 3.2%, income investors should consider the stock's 13% drop in the past three months an opportunity not to be missed.",0.1791975051164627,0.7427704334259033,0.07803209871053696,negative,-0.5635729432106018
15,2016-10-31 08:59:00,"Microsoft is executing on all levels

Evan Niu, CFA : This might sound a little odd given my obvious bias here, but I'm going to go with Microsoft (NASDAQ: MSFT) .",0.10961520671844482,0.013812878169119358,0.8765718936920166,neutral,0.09580232948064804
16,2016-10-31 08:59:00,"The software giant has been firing on all cylinders lately, and much of that is largely thanks to CEO Satya Nadella.",0.08506923168897629,0.16168448328971863,0.7532463073730469,neutral,-0.07661525160074234
17,2016-10-31 08:59:00,"For years, investors lacked optimism around the company's future direction, but Nadella genuinely has them excited again, as he has a much clearer strategic vision than his predecessor, Steve Ballmer.",0.8510072827339172,0.017910383641719818,0.13108234107494354,positive,0.8330969214439392
18,2016-10-31 08:59:00,We're now seeing Microsoft innovate in hardware in a way that we've quite literally never seen before.,0.6878392100334167,0.01077757216989994,0.3013831675052643,positive,0.6770616173744202
19,2016-10-31 08:59:00,"At the same time, the core enterprise business is as strong as ever, with Office continuing to crush it on both the consumer and commercial fronts.",0.9210436940193176,0.020831065252423286,0.05812523514032364,positive,0.9002126455307007
20,2016-10-31 08:59:00,Microsoft's new Surface Studio shows the company is fully committed to hardware success.,0.8807013630867004,0.013796964660286903,0.10550171136856079,positive,0.8669043779373169
21,2016-10-31 08:59:00,Image source: Microsoft.,0.027581578120589256,0.02075164020061493,0.9516668319702148,neutral,0.006829937919974327
22,2016-10-31 08:59:00,"As far as the numbers go, Microsoft's yield is fairly modest at this point.",0.03541474789381027,0.029021816328167915,0.9355634450912476,neutral,0.006392931565642357
23,2016-10-31 08:59:00,"Shares yield approximately 2.5% at current prices, but this yield is being pushed down, since Microsoft is at all-time highs.",0.046340376138687134,0.7254071831703186,0.22825244069099426,negative,-0.6790667772293091
24,2016-10-31 08:59:00,Shares are now even higher than they were during the 2000 tech bubble.,0.8694315552711487,0.03925631567835808,0.09131213277578354,positive,0.8301752209663391
25,2016-10-31 08:59:00,"But the big difference between then and now is that the valuation is much more compelling, and cash flow far more sustainable.",0.6243224143981934,0.015630587935447693,0.36004704236984253,positive,0.6086918115615845
26,2016-10-31 08:59:00,"Sure, there are higher yields out there, even within tech, but I think Microsoft currently presents a compelling combination of reliable income combined with reasonable potential for capital appreciation as long as the company continues to execute under Nadella's leadership.",0.8914713263511658,0.011666752398014069,0.09686192125082016,positive,0.8798045516014099
27,2016-10-31 08:59:00,"Procter & Gamble may be a boring stock, but it has provided investors exciting returns

Jamal Carnette, CFA : The dividend trade has become quite crowded because of historically low interest rates on bonds and other interest-bearing investments.",0.10987567156553268,0.5969265103340149,0.29319775104522705,negative,-0.4870508313179016
28,2016-10-31 08:59:00,"The key is to find a well-run company committed to paying and raising their dividend, and not simply companies that have raised their dividends to take advantage of current investor sentiment.",0.7386544346809387,0.013362400233745575,0.24798311293125153,positive,0.7252920269966125
29,2016-10-31 08:59:00,One dividend aristocrat with an amazing dividend history is Procter & Gamble (NYSE: PG) .,0.31738272309303284,0.010810071602463722,0.6718072295188904,neutral,0.30657264590263367
30,2016-10-31 08:59:00,The consumer-goods company has paid dividends for 126 consecutive years and has increased its dividend for 60 years straight.,0.9061486124992371,0.01487086433917284,0.07898054271936417,positive,0.8912777304649353
31,2016-10-31 08:59:00,"In the past 30 years, P&G has kicked its rate of dividend increases into high gear by increasing its per-share payout by 9.8% per year through fiscal 2016, a rate much higher than overall inflation during this timeframe.",0.9463753700256348,0.016845691949129105,0.03677891567349434,positive,0.9295296669006348
32,2016-10-31 08:59:00,"Currently the company trades at a yield of 3.2%, 70 basis points higher than a current 30-year U.S. Treasury bond.",0.8551163077354431,0.016090160235762596,0.12879350781440735,positive,0.839026153087616
33,2016-10-31 08:59:00,"There's a belief among many investors that a ""boring"" company like P&G will disappoint as valuations are currently stretched among dividend-paying stocks.",0.03753582388162613,0.8651367425918579,0.09732747077941895,negative,-0.82760089635849
34,2016-10-31 08:59:00,"Additionally, the company's core products (Tide, Pampers, and Charmin) are in the uninspiring fast-moving-consumer-goods space.",0.044859711080789566,0.00440965173766017,0.9507306218147278,neutral,0.04045005887746811
35,2016-10-31 08:59:00,"However, the company has averaged an annual total return of 7.8% over the last 15 years, a full percentage point better than the greater S&P during this period.",0.9404009580612183,0.031059762462973595,0.028539247810840607,positive,0.9093412160873413
36,2016-10-31 08:59:00,"On a one-year basis, P&G has doubled the index by increasing 12.7%, versus 6%.",0.9536007046699524,0.022538138553500175,0.023861153051257133,positive,0.9310625791549683
37,2016-10-31 08:59:00,"Still, the company trades at a lower price-to-earnings valuation than the overall S&P index.",0.02074180729687214,0.9445556402206421,0.034702591598033905,negative,-0.9238138198852539
38,2016-10-31 08:59:00,Shares recently popped on a positive first-quarter report in which the company beat both EPS and revenue estimates while maintaining full-year sales guidance.,0.943188488483429,0.032196126878261566,0.02461530826985836,positive,0.9109923839569092
39,2016-10-31 08:59:00,"Procter & Gamble may be considered boring, but its stable of billion-dollar brands should allow the company to continue to pay and raise dividend payments to investors for years to come.",0.8517298698425293,0.013238007202744484,0.13503216207027435,positive,0.8384918570518494
40,2016-10-31 08:59:00,"Things are looking up for this large-cap drugmaker

George Budwell : Merck & Co. (NYSE: MRK) is arguably one of most compelling Big Pharma to stocks to own right now because of Keytruda's recent approval as a treatment for front-line metastatic non-small-cell lung cancer (NSCLC).",0.7600962519645691,0.012684288434684277,0.22721940279006958,positive,0.7474119663238525
41,2016-10-31 08:59:00,The bottom line is that this single indication has the potential to add around $2.5 billion to Keytruda's annual sales at peak.,0.9310309886932373,0.013954972848296165,0.055014029145240784,positive,0.9170759916305542
42,2016-10-31 08:59:00,"Moreover, industry experts believe that oncologists will quickly adopt Keytruda as a first-line NSCLC treatment, especially after its main rival, Opdivo, flamed out in late-stage testing for this same indication.",0.9112516045570374,0.01888781227171421,0.06986059248447418,positive,0.8923637866973877
43,2016-10-31 08:59:00,"That's certainly welcome news for shareholders, especially since Merck's 12-month trailing payout ratio currently stands at a worrisome 100.55%.",0.38494357466697693,0.45572561025619507,0.159330815076828,negative,-0.07078203558921814
44,2016-10-31 08:59:00,"In other words, Merck's slightly above-average yield for a major drugmaker of approximately 3% should now be safe.",0.7847052812576294,0.022622326388955116,0.19267240166664124,positive,0.7620829343795776
45,2016-10-31 08:59:00,"Perhaps most importantly, though, Keytruda's breakthrough for this high-value indication should act as a magnet for large institutional investors moving forward, helping to drive its share price higher.",0.9457522630691528,0.019829686731100082,0.034418005496263504,positive,0.9259225726127625
46,2016-10-31 08:59:00,"Wall Street, after all, places a high premium on franchise-level cancer drugs, and Keytruda is undoubtedly on its way toward becoming a top-selling oncology product in the near future.",0.8863433003425598,0.015771839767694473,0.09788486361503601,positive,0.8705714344978333
47,2016-10-31 08:59:00,Growth and yield?,0.05349987745285034,0.021249109879136086,0.9252510070800781,neutral,0.032250769436359406
48,2016-10-31 08:59:00,"Sign me up

Brian Feroldi : It's rare to find a company that offers up a yield of nearly 4.5% that's also poised for long-term growth, but that's exact what Brookfield Infrastructure Partners (NYSE: BIP) offers investors today.",0.8208522796630859,0.013890860602259636,0.16525687277317047,positive,0.8069614171981812
49,2016-10-31 08:59:00,This company is a publicly traded limited partnership that owns and operates infrastructure assets all around the world.,0.04081032797694206,0.004102620296180248,0.9550870656967163,neutral,0.03670770674943924
50,2016-10-31 08:59:00,"Currently, the company owns electrical transmission lines, ports, toll roads, pipelines, rail lines, and more.",0.025045154616236687,0.004852625075727701,0.9701022505760193,neutral,0.020192530006170273
51,2016-10-31 08:59:00,What do all of these assets have in common?,0.021586596965789795,0.00880789291113615,0.9696055054664612,neutral,0.012778704054653645
52,2016-10-31 08:59:00,"They are all one of a kind, are irreplaceable, and require huge amounts of capital to build.",0.2281765341758728,0.007799600251019001,0.7640239000320435,neutral,0.22037693858146667
53,2016-10-31 08:59:00,"That means the company doesn't really have to worry about having a competitor set up shop right next door, which helps make its financial statements highly predictable.",0.09446767717599869,0.011724807322025299,0.8938075304031372,neutral,0.08274286985397339
54,2016-10-31 08:59:00,"In fact, over 90% of its revenue either comes from regulated industries or operates under long-term contracts.",0.022963784635066986,0.005179681349545717,0.9718565344810486,neutral,0.017784103751182556
55,2016-10-31 08:59:00,Brookfield's stability allows its management team to pass along an ever-growing stream of profits back to investors.,0.8893820643424988,0.01251113973557949,0.09810683131217957,positive,0.8768709301948547
56,2016-10-31 08:59:00,"Since 2009, the company's distribution has grown by 12% annually, and there are plenty of reasons to expect another payout bump next year.",0.9454314112663269,0.016093261539936066,0.038475263863801956,positive,0.9293381571769714
57,2016-10-31 08:59:00,"While there are potential tax ramifications that need to be considered before buying shares, I think this is a great stock for income-focused investors to consider buying today.",0.45924046635627747,0.010755429044365883,0.53000408411026,neutral,0.44848504662513733
58,2016-10-31 08:59:00,"The world's biggest tech company forgot to show you something, but a few Wall Street analysts and the Fool didn't miss a beat: There's a small company that's powering their brand-new gadgets and the coming revolution in technology.",0.07462237030267715,0.16781271994113922,0.757564902305603,neutral,-0.09319034963846207
59,2016-10-31 08:59:00,And we think its stock price has nearly unlimited room to run for early in-the-know investors!,0.28927910327911377,0.013621804304420948,0.6970990896224976,neutral,0.2756572961807251
60,2016-10-31 08:59:00,"To be one of them, just click here .",0.08918054401874542,0.07975278049707413,0.8310666680335999,neutral,0.009427763521671295
61,2016-10-31 08:59:00,Brian Feroldi has no position in any stocks mentioned.,0.009729471988976002,0.04525366798043251,0.9450168013572693,neutral,-0.03552419692277908
62,2016-10-31 08:59:00,"Evan Niu, CFA has no position in any stocks mentioned.",0.010245856828987598,0.05097489058971405,0.9387791752815247,neutral,-0.040729034692049026
63,2016-10-31 08:59:00,George Budwell has no position in any stocks mentioned.,0.009733480401337147,0.03738681972026825,0.9528797268867493,neutral,-0.027653340250253677
64,2016-10-31 08:59:00,"Jamal Carnette , CFA has no position in any stocks mentioned.",0.00932593084871769,0.03079337626695633,0.9598807692527771,neutral,-0.02146744541823864
65,2016-10-31 08:59:00,Neha Chamaria has no position in any stocks mentioned.,0.00990668311715126,0.05887661501765251,0.9312167167663574,neutral,-0.04896993190050125
66,2016-10-31 08:59:00,The Motley Fool owns shares of Microsoft.,0.04813051596283913,0.03696756437420845,0.9149019718170166,neutral,0.011162951588630676
67,2016-10-31 08:59:00,The Motley Fool recommends Brookfield Infrastructure Partners and Nucor.,0.04509440436959267,0.02819785475730896,0.9267076849937439,neutral,0.016896549612283707
68,2016-10-31 08:59:00,Try any of our Foolish newsletter services free for 30 days .,0.02325451746582985,0.013860778883099556,0.9628846645355225,neutral,0.009393738582730293
69,2016-10-31 08:59:00,"We Fools may not all hold the same opinions, but we all believe that considering a diverse range of insights makes us better investors.",0.7942618727684021,0.015105843544006348,0.19063223898410797,positive,0.7791560292243958
70,2016-10-31 08:59:00,The Motley Fool has a disclosure policy .,0.016547100618481636,0.017303917557001114,0.9661489725112915,neutral,-0.0007568169385194778
71,2016-10-31 08:59:00,"The views and opinions expressed herein are the views and opinions of the author and do not necessarily reflect those of Nasdaq, Inc.",0.010204566642642021,0.01563790813088417,0.9741575717926025,neutral,-0.005433341488242149
