,datetime,sentence,positive,negative,neutral,global_sentiment,avg_sentiment
0,2014-12-22 08:55:00,"When you consider that over time, stocks like these can handily beat the market's return while increasing your income every year once you retire, these don't seem like such boring investments anymore.",0.11968352645635605,0.02553911879658699,0.8547773361206055,neutral,0.09414440393447876
1,2014-12-22 08:55:00,High-quality dividend growth investing is the most certain way to wealth and is an excellent way to create a steady and growing income stream for your retirement.,0.5875023603439331,0.010761379264295101,0.40173619985580444,positive,0.5767409801483154
2,2014-12-22 08:55:00,Selena Maranjian : One good way to boost your income in retirement is simply to keep working.,0.6769829988479614,0.017843274399638176,0.30517369508743286,positive,0.6591397523880005
3,2014-12-22 08:55:00,This can take a wide variety of forms.,0.02738303691148758,0.007888003252446651,0.9647290110588074,neutral,0.019495032727718353
4,2014-12-22 08:55:00,You might retire but still work part-time for your last employer.,0.015777768567204475,0.0469466894865036,0.9372755885124207,neutral,-0.031168920919299126
5,2014-12-22 08:55:00,Or you might find a new part-time job in retirement.,0.06395172327756882,0.07819604128599167,0.8578522801399231,neutral,-0.014244318008422852
6,2014-12-22 08:55:00,"Some ideas: consulting, freelance writing, preparing tax returns, filling seasonal positions at retailers and elsewhere, tutoring, providing home healthcare, bookkeeping, driving a school bus, taking on handyperson jobs, selling items you make (such as sweaters or furniture), and so on.",0.03150883689522743,0.019064221531152725,0.9494270086288452,neutral,0.012444615364074707
7,2014-12-22 08:55:00,"You may hate the thought of not quitting working altogether when the time comes, but many people have found that after a while, retirement is more boring than expected.",0.07902272045612335,0.3719262480735779,0.54905104637146,neutral,-0.2929035425186157
8,2014-12-22 08:55:00,Some folks do well with more structure to their days and like having places to go and things to do -- not to mention people to socialize with.,0.10711917281150818,0.011449012905359268,0.8814318180084229,neutral,0.09567016363143921
9,2014-12-22 08:55:00,"Working at least a little during retirement can not only provide welcome income, but it can also make your retirement happier.",0.41463494300842285,0.016647588461637497,0.5687174797058105,neutral,0.39798736572265625
10,2014-12-22 08:55:00,Working might also permit you to delay starting to receive Social Security benefits so that you receive larger ones later.,0.03667036443948746,0.2307627648115158,0.7325668931007385,neutral,-0.19409239292144775
11,2014-12-22 08:55:00,"A caution: If you do work in retirement while you're younger than your full retirement age and you're collecting Social Security at the same time, know that too much work can end up costing you.",0.035649679601192474,0.4719466269016266,0.4924037456512451,neutral,-0.4362969398498535
12,2014-12-22 08:55:00,"In 2014, for example, $1 will be deducted from your benefit check for each $2 you earn above $15,480.",0.02811664342880249,0.23836858570575714,0.7335147857666016,neutral,-0.21025194227695465
13,2014-12-22 08:55:00,"The Social Security Administration wants you to know, though, that, ""these benefit reductions are not truly lost"" since ""your benefit will be increased at your full retirement age to account for benefits withheld"" because of earlier earnings.",0.06870102137327194,0.765343427658081,0.1659555435180664,negative,-0.6966423988342285
14,2014-12-22 08:55:00,Dan Caplinger: One great way to increase your income in retirement is to wait longer before taking Social Security benefits.,0.6512165069580078,0.01630822941660881,0.3324751555919647,positive,0.6349082589149475
15,2014-12-22 08:55:00,"Social Security makes up a huge portion of most retirees' overall income, and so taking steps to boost your monthly payments can have a dramatic impact on your financial situation.",0.2666168808937073,0.09004956483840942,0.6433335542678833,neutral,0.17656731605529785
16,2014-12-22 08:55:00,The differences in what Social Security will pay you at certain starting ages are huge.,0.03357606753706932,0.02623463049530983,0.9401893019676208,neutral,0.007341437041759491
17,2014-12-22 08:55:00,"If you take benefits four years early at age 62 instead of waiting for full retirement age at 66, then you'll take a 25% haircut on your monthly benefits.",0.03870198503136635,0.09899123013019562,0.8623067736625671,neutral,-0.06028924509882927
18,2014-12-22 08:55:00,"On the other hand, if you wait until age 70, you'll get 32% more than your full retirement benefit.",0.11193877458572388,0.016047252342104912,0.8720139861106873,neutral,0.09589152038097382
19,2014-12-22 08:55:00,"For someone who would ordinarily have a $1,000 monthly benefit, that means the difference between a $750 monthly check and a $1,320 benefit -- with the latter representing 76% higher retirement income than the former.",0.13231295347213745,0.1137896329164505,0.753897488117218,neutral,0.01852332055568695
20,2014-12-22 08:55:00,"Admittedly, waiting longer to take Social Security has a downside: You forgo the money you would have received by beginning your benefits earlier.",0.0633370503783226,0.478223592042923,0.45843929052352905,negative,-0.4148865342140198
21,2014-12-22 08:55:00,"But if you have other income or financial resources you can use before you claim your Social Security benefits, doing so makes it easier to wait on Social Security and enjoy the automatic increase in benefits that delaying your Social Security application will give you.",0.6324610710144043,0.016101906076073647,0.3514370024204254,positive,0.6163591742515564
22,2014-12-22 08:55:00,With higher Social Security payments lasting for the rest of your life -- and often for your spouse's life as well -- it's well worth considering a delay in taking benefits if you can swing it financially.,0.229115292429924,0.0851539671421051,0.6857307553291321,neutral,0.1439613252878189
23,2014-12-22 08:55:00,"The smart way to get more income in retirement

Getting a part-time job is one way to increase your income in retirement, but it isn't the smart way.",0.3416292369365692,0.07165967673063278,0.5867111086845398,neutral,0.26996955275535583
24,2014-12-22 08:55:00,"In a brand-new free report, our retirement experts explain a straightforward strategy that people are already using to secure an even more comfortable retirement.",0.2582792341709137,0.009090631268918514,0.7326301336288452,neutral,0.2491886019706726
25,2014-12-22 08:55:00,The method is so simple you'll be shocked you didn't think of it yourself.,0.05929214507341385,0.021086914464831352,0.9196208715438843,neutral,0.03820522874593735
26,2014-12-22 08:55:00,"To access this free report instantly, simply click here now .",0.03570874035358429,0.019717486575245857,0.9445738196372986,neutral,0.015991253778338432
27,2014-12-22 08:55:00,The article 3 Proven Ways to Increase Your Income in Retirement originally appeared on Fool.com.,0.11790677905082703,0.00743182422593236,0.874661386013031,neutral,0.11047495156526566
28,2014-12-22 08:55:00,Dan Caplinger and Matthew Frankel have no position in any stocks mentioned.,0.010651414282619953,0.058213550597429276,0.9311350584030151,neutral,-0.0475621372461319
29,2014-12-22 08:55:00,Selena Maranjian owns shares of Johnson & Johnson and Procter & Gamble.,0.020183376967906952,0.0097339553758502,0.9700826406478882,neutral,0.010449421592056751
30,2014-12-22 08:55:00,The Motley Fool recommends Johnson & Johnson and Procter & Gamble and owns shares of Johnson & Johnson.,0.018746821209788322,0.018709247931838036,0.9625439643859863,neutral,3.7573277950286865e-05
31,2014-12-22 08:55:00,Try any of our Foolish newsletter services free for 30 days .,0.02325451746582985,0.013860778883099556,0.9628846645355225,neutral,0.009393738582730293
32,2014-12-22 08:55:00,"We Fools don't all hold the same opinions, but we all believe that considering a diverse range of insights makes us better investors.",0.7638214230537415,0.015546462498605251,0.22063204646110535,positive,0.7482749819755554
33,2014-12-22 08:55:00,The Motley Fool has a disclosure policy .,0.016547108069062233,0.01730392687022686,0.9661489725112915,neutral,-0.0007568188011646271
34,2014-12-22 08:55:00,"Copyright © 1995 - 2014 The Motley Fool, LLC.",0.02662895992398262,0.023084871470928192,0.9502861499786377,neutral,0.003544088453054428
35,2014-12-22 08:55:00,All rights reserved.,0.01556148286908865,0.01622452400624752,0.9682139754295349,neutral,-0.0006630411371588707
36,2014-12-22 08:55:00,The Motley Fool has a disclosure policy .,0.016547100618481636,0.017303917557001114,0.9661489725112915,neutral,-0.0007568169385194778
37,2014-12-22 08:55:00,"The views and opinions expressed herein are the views and opinions of the author and do not necessarily reflect those of Nasdaq, Inc.",0.010204566642642021,0.01563790813088417,0.9741575717926025,neutral,-0.005433341488242149
