,datetime,sentence,positive,negative,neutral,global_sentiment,avg_sentiment
0,2013-10-27 22:51:00,The broad U.S. market is hitting new all-time highs and the risk-on trade should be in full force.,0.7437715530395508,0.02580459602177143,0.2304239422082901,positive,0.7179669737815857
1,2013-10-27 22:51:00,"That is not exactly the case today, as investors appear to be moving their assets into sectors that are considered safe and boring.",0.17002011835575104,0.036136724054813385,0.793843150138855,neutral,0.13388338685035706
2,2013-10-27 22:51:00,"Sectors such as the consumer staples, utilities, and high dividend payers are breaking out after lagging the market for a large portion of the summer.",0.7565522193908691,0.1492338478565216,0.09421399235725403,positive,0.6073184013366699
3,2013-10-27 22:51:00,"The move is interesting considering the tech stocks, often viewed as above-average risk, have reported strong earnings and are also breaking out.",0.922136127948761,0.017141014337539673,0.06072281301021576,positive,0.9049950838088989
4,2013-10-27 22:51:00,This is where a solid diversification among several sectors becomes critical for a portfolio.,0.44529256224632263,0.00969765055924654,0.5450097918510437,neutral,0.43559491634368896
5,2013-10-27 22:51:00,The ETF is composed of stocks that most consumers use on a daily basis and will be forced to buy regardless of the economic climate.,0.014845688827335835,0.015703292563557625,0.9694510102272034,neutral,-0.0008576037362217903
6,2013-10-27 22:51:00,"The top sectors include food & staples retailing, household products, and food & beverage.",0.01691860519349575,0.007098382338881493,0.9759830236434937,neutral,0.009820222854614258
7,2013-10-27 22:51:00,"The top holding, Proctor & Gamble (NYSE: PG ), makes up 14 percent of the portfolio and has rallied 8 percent in the last three weeks to move within striking distance of a new all-time high.",0.928549587726593,0.026254933327436447,0.04519538953900337,positive,0.9022946357727051
8,2013-10-27 22:51:00,Year-to-date the ETF is up 22 percent and it pays a dividend yield of 2.6 percent.,0.9351555705070496,0.015821654349565506,0.04902273789048195,positive,0.9193339347839355
9,2013-10-27 22:51:00,The annual expense ratio is 0.18 percent.,0.014705185778439045,0.09446405619382858,0.8908308148384094,neutral,-0.07975886762142181
10,2013-10-27 22:51:00,"An ETF that is not as concentrated, but also has exposure to consumer goods and other risk-off sectors is HDV.",0.011642109602689743,0.012256303802132607,0.9761015772819519,neutral,-0.0006141941994428635
11,2013-10-27 22:51:00,"By concentrating on high-quality U.S. companies that focus on high dividends the ETF invests mainly in consumer goods, healthcare, telecom, and utilities.",0.056320980191230774,0.004108909517526627,0.9395701289176941,neutral,0.05221207067370415
12,2013-10-27 22:51:00,PG is the fifth largest stock in the ETF and telecom company AT&T (NYSE: T ) is the top holding.,0.039806168526411057,0.00547356903553009,0.9547203183174133,neutral,0.034332599490880966
13,2013-10-27 22:51:00,The ETF is up 18.5 percent in 2013 and is currently on pace to finish the day at the best closing price since it began trading in 2011.,0.926918625831604,0.029009580612182617,0.0440717414021492,positive,0.8979090452194214
14,2013-10-27 22:51:00,The dividend yield is 3.3 percent and it charges and expense ratio of 0.40 percent.,0.012735424563288689,0.019358420744538307,0.96790611743927,neutral,-0.0066229961812496185
15,2013-10-27 22:51:00,The utility stocks have often been viewed as an option for conservative investors looking for safety and high dividends.,0.2655138671398163,0.03841736912727356,0.6960687637329102,neutral,0.22709649801254272
16,2013-10-27 22:51:00,In the last three weeks the ETF bounced off a double bottom pattern and has rallied 5.6 percent to a new multi-month high.,0.9304404258728027,0.03344503790140152,0.03611449897289276,positive,0.8969953656196594
17,2013-10-27 22:51:00,"The ETF remains off the 2013 high as well as the 2007 all-time high, but the action recently has created some buzz.",0.7148811221122742,0.10682164132595062,0.17829720675945282,positive,0.6080594658851624
18,2013-10-27 22:51:00,"The ETF is lagging the market this year with a gain of 12 percent, but it does pay a sizable dividend of 3.8 percent.",0.8703188896179199,0.026285432279109955,0.10339568555355072,positive,0.8440334796905518
19,2013-10-27 22:51:00,"If interest rates begin to increase again it could hurt the utility sector, thus keeping some investors away from the ETF.",0.02702668495476246,0.9500736594200134,0.02289961837232113,negative,-0.9230469465255737
20,2013-10-27 22:51:00,If XLU can break above $39.75 it would signify a breakout and a buy signal for the ETF.,0.9125698804855347,0.038791172206401825,0.04863889515399933,positive,0.8737787008285522
21,2013-10-27 22:51:00,Until that occurs it could be a little risky to enter into the utility stocks.,0.026293667033314705,0.11483917385339737,0.8588671684265137,neutral,-0.08854550868272781
22,2013-10-27 22:51:00,The ETF charges a 0.18 percent expense ratio.,0.011661626398563385,0.03088514879345894,0.9574532508850098,neutral,-0.019223522394895554
23,2013-10-27 22:51:00,Two keys to successful long-term investing are diversification and timing.,0.22278758883476257,0.006216314621269703,0.77099609375,neutral,0.21657127141952515
24,2013-10-27 22:51:00,"Adding safety ETFs to a portfolio will often soften the blow during market pullbacks, but if timed correctly they can be a boost to the bottom line.",0.8857323527336121,0.020057296380400658,0.09421031922101974,positive,0.8656750321388245
25,2013-10-27 22:51:00,(c) 2013 Benzinga.com.,0.029000472277402878,0.021406440064311028,0.9495930075645447,neutral,0.00759403221309185
26,2013-10-27 22:51:00,Benzinga does not provide investment advice.,0.009189262054860592,0.019420845434069633,0.9713898301124573,neutral,-0.010231583379209042
27,2013-10-27 22:51:00,All rights reserved.,0.01556148286908865,0.01622452400624752,0.9682139754295349,neutral,-0.0006630411371588707
28,2013-10-27 22:51:00,Free Trading Education - Check out the free events taking place on Marketfy this week.,0.016787968575954437,0.009906403720378876,0.9733056426048279,neutral,0.0068815648555755615
29,2013-10-27 22:51:00,Spaces are limited.,0.021315770223736763,0.12138502299785614,0.8572991490364075,neutral,-0.10006925463676453
30,2013-10-27 22:51:00,Sign up today.,0.04344106838107109,0.006623172666877508,0.9499357342720032,neutral,0.036817897111177444
31,2013-10-27 22:51:00,"The views and opinions expressed herein are the views and opinions of the author and do not necessarily reflect those of Nasdaq, Inc.",0.010204566642642021,0.01563790813088417,0.9741575717926025,neutral,-0.005433341488242149
