,datetime,sentence,positive,negative,neutral,global_sentiment,avg_sentiment
0,2020-09-29 11:50:00,"In this episode of Rule Breaker Investing, Motley Fool co-founder David Gardner is joined by Motley Fool analysts Maria Gallagher and Tim Beyers for the 13th installment of the market cap game show.",0.1345887929201126,0.014436117373406887,0.8509750962257385,neutral,0.12015267461538315
1,2020-09-29 11:50:00,You can guess along and also discover interesting facts about 10 great stocks.,0.07155665755271912,0.008076596073806286,0.9203667044639587,neutral,0.06348006427288055
2,2020-09-29 11:50:00,"To catch full episodes of all The Motley Fool's free podcasts, check out our podcast center.",0.04401024803519249,0.02094588615000248,0.9350439310073853,neutral,0.02306436188519001
3,2020-09-29 11:50:00,"To get started investing, check out our quick-start guide to investing in stocks.",0.07803143560886383,0.00962066650390625,0.9123478531837463,neutral,0.06841076910495758
4,2020-09-29 11:50:00,A full transcript follows the video.,0.01917308010160923,0.010780171491205692,0.9700466990470886,neutral,0.008392908610403538
5,2020-09-29 11:50:00,"10 stocks we like better thanÂ Walmart

When investing geniuses David and Tom Gardner have an investing tip, it can pay to listen.",0.14388525485992432,0.018183602020144463,0.8379310965538025,neutral,0.1257016509771347
6,2020-09-29 11:50:00,"After all, the newsletter they have run for over a decade, Motley Fool Stock Advisor, has tripled the market.",0.46925464272499084,0.07301506400108337,0.4577302634716034,positive,0.39623957872390747
7,2020-09-29 11:50:00,"*

David and Tom just revealed what they believe are theÂ ten best stocks for investors to buy right now... and Walmart wasn't one of them!",0.18471647799015045,0.015828803181648254,0.7994546890258789,neutral,0.1688876748085022
8,2020-09-29 11:50:00,That's right -- they think these 10 stocks are even better buys.,0.8146857619285583,0.02307075634598732,0.16224350035190582,positive,0.7916150093078613
9,2020-09-29 11:50:00,"This video was recorded on September 22, 2020.",0.017840499058365822,0.009252488613128662,0.9729070663452148,neutral,0.00858801044523716
10,2020-09-29 11:50:00,"David Gardner: Every calendar quarter, March, June, September, December, long about the penultimate Wednesday we've been playing the market cap game show.",0.029089773073792458,0.02967144548892975,0.9412387609481812,neutral,-0.000581672415137291
11,2020-09-29 11:50:00,"Our format is simple, two guest star contestants giving their best guesses at the market cap, the overall value of some of the best known or most interesting stocks on the market.",0.03107362426817417,0.007383772637695074,0.961542546749115,neutral,0.02368985116481781
12,2020-09-29 11:50:00,"Oh, and there's a third contestant, a very special guest star, and that is of course you, my dear listener, playing along and learning at home.",0.11864238977432251,0.01816440373659134,0.863193154335022,neutral,0.10047798603773117
13,2020-09-29 11:50:00,"Yep, that's right.",0.2532193958759308,0.061626289039850235,0.6851543188095093,neutral,0.19159311056137085
14,2020-09-29 11:50:00,"So, it's time to gather the kids and the in-laws, invite your neighbors over -- physically distanced -- and put your market cap hat on.",0.12557236850261688,0.04523838311433792,0.8291893005371094,neutral,0.08033398538827896
15,2020-09-29 11:50:00,"Well, maybe your market cap thinking cap for this, the Baker's dozen, 13th installment of the market cap game show.",0.08578290045261383,0.036927081644535065,0.8772900700569153,neutral,0.048855818808078766
16,2020-09-29 11:50:00,This week only on Rule Breaker Investing.,0.015677891671657562,0.018713368102908134,0.9656087160110474,neutral,-0.003035476431250572
17,2020-09-29 11:50:00,And welcome back to Rule Breaker Investing.,0.32065707445144653,0.023746874183416367,0.6555960774421692,neutral,0.29691019654273987
18,2020-09-29 11:50:00,"Thanks for spending a very special week with us, yep, once a quarter, it's the market cap game show.",0.15231281518936157,0.0205360259860754,0.8271511793136597,neutral,0.13177679479122162
19,2020-09-29 11:50:00,"I'm so excited to be joined shortly by my guest stars this week, but few housekeeping notes in advance.",0.09856723994016647,0.017659716308116913,0.8837730884552002,neutral,0.08090752363204956
20,2020-09-29 11:50:00,"The first is, we have an extra podcast this week.",0.022763753309845924,0.009181428700685501,0.9680547714233398,neutral,0.013582324609160423
21,2020-09-29 11:50:00,It's something that happens from time-to-time for Rule Breaker Investing.,0.04269711300730705,0.010659989900887012,0.9466429352760315,neutral,0.032037124037742615
22,2020-09-29 11:50:00,"And I'm really excited to be joined by Whole Foods Market Founder, John Mackey, who, full disclosure, also happens to be a member of The Motley Fool Board of Directors.",0.17002670466899872,0.007341389544308186,0.8226318955421448,neutral,0.1626853197813034
23,2020-09-29 11:50:00,"These days Whole Foods, as many of us know, is owned by Amazon.",0.014938118867576122,0.008282924070954323,0.9767789840698242,neutral,0.0066551947966217995
24,2020-09-29 11:50:00,"Well, John has a new book out called Conscious Leadership, and it is an outstanding read.",0.5549585819244385,0.015552395023405552,0.42948901653289795,positive,0.5394061803817749
25,2020-09-29 11:50:00,And I'm delighted that he'll be joining me this weekend for a conversation about that book.,0.3238275945186615,0.013711139559745789,0.6624612808227539,neutral,0.3101164698600769
26,2020-09-29 11:50:00,"So, if you're already subscribed to this podcast through iTunes or Spotify, Google Play, wherever you find your podcasts, you're going to see an extra one, you have a weekend treat in store, John Mackey joining me to discuss his book, Conscious Leadership.",0.10419139266014099,0.017093729227781296,0.878714919090271,neutral,0.0870976597070694
27,2020-09-29 11:50:00,"And then just looking back on the month that was, I'd like to mention again last week's podcast, so much fun with my friends Kara Chambers and Lee Burbage talking about company culture tips, how to work from home better.",0.09393836557865143,0.044613633304834366,0.8614479899406433,neutral,0.04932473227381706
28,2020-09-29 11:50:00,"Something on a lot of our minds, whether we are employers or employees, it's really a part of worldwide culture here in 2020.",0.05021240562200546,0.016259923577308655,0.9335277080535889,neutral,0.03395248204469681
29,2020-09-29 11:50:00,"And Kara and Lee had some wonderful tips, some creative and smart ways to do the working from home better.",0.6277779936790466,0.013919723220169544,0.3583022356033325,positive,0.6138582825660706
30,2020-09-29 11:50:00,"So, if you didn't get a chance to hear them last week, I think you'll love that.",0.12584993243217468,0.02068791352212429,0.8534621596336365,neutral,0.10516201704740524
31,2020-09-29 11:50:00,"Also, earlier this month, we did a lot of reviewing a past 5-Stocks Samplers.",0.03763483464717865,0.010560344904661179,0.9518048167228699,neutral,0.02707448974251747
32,2020-09-29 11:50:00,"And I picked my newest one the first week of this month, on September 2nd: 5 Stocks Indistinguishable from Magic.",0.10953804850578308,0.01166610885411501,0.8787958025932312,neutral,0.09787193685770035
33,2020-09-29 11:50:00,"So, that captures where we've been on Rule Breaker Investing this month.",0.2060602605342865,0.03193674981594086,0.7620029449462891,neutral,0.17412351071834564
34,2020-09-29 11:50:00,"And of course, with John Mackey this weekend, where we're going.",0.06970053911209106,0.013886832632124424,0.9164125919342041,neutral,0.055813707411289215
35,2020-09-29 11:50:00,"But most immediately, where we're headed now.",0.05989774316549301,0.021142486482858658,0.9189597368240356,neutral,0.038755256682634354
36,2020-09-29 11:50:00,"Well, I'm really delighted to welcome, for her Rule Breaker Investing market cap game show debut, my friend, Motley Fool analyst, Maria Gallagher.",0.47758036851882935,0.016558058559894562,0.5058615803718567,neutral,0.4610223174095154
37,2020-09-29 11:50:00,"Maria, welcome.",0.21146634221076965,0.025764327496290207,0.7627692818641663,neutral,0.18570201098918915
38,2020-09-29 11:50:00,"Maria Gallagher: Hi, David, thanks for having me.",0.394488126039505,0.08349846303462982,0.5220133662223816,neutral,0.3109896779060364
39,2020-09-29 11:50:00,"Gardner: Thanks so much for joining in, Maria.",0.49897974729537964,0.045734554529190063,0.45528578758239746,positive,0.4532451927661896
40,2020-09-29 11:50:00,"And I'm wondering if you could just briefly introduce yourself, give us a little bit about your background and maybe share your favorite market cap, whatever that might mean to you.",0.050424203276634216,0.00871235877275467,0.9408634901046753,neutral,0.04171184450387955
41,2020-09-29 11:50:00,"Gallagher: Hi, everyone, my name is Maria Gallagher.",0.054472215473651886,0.010187367908656597,0.935340404510498,neutral,0.044284846633672714
42,2020-09-29 11:50:00,I have been at The Fool for a little over two years.,0.08632199466228485,0.07855759561061859,0.8351203799247742,neutral,0.00776439905166626
43,2020-09-29 11:50:00,I started as an intern two summers ago.,0.04140504077076912,0.01172003522515297,0.9468749165534973,neutral,0.02968500554561615
44,2020-09-29 11:50:00,And I've been on the investing team a year-and-a-half now.,0.09290312230587006,0.006625923328101635,0.9004709124565125,neutral,0.08627720177173615
45,2020-09-29 11:50:00,"And my favorite market cap, I would say is probably, $1 billion because then it can be a unicorn.",0.15941660106182098,0.014151525683701038,0.826431930065155,neutral,0.14526507258415222
46,2020-09-29 11:50:00,"And I think that's a fun term, and I like that we can call things unicorns, if they are companies that are valued at $1 billion before they go public.",0.09208305925130844,0.006390097085386515,0.9015268087387085,neutral,0.08569296449422836
47,2020-09-29 11:50:00,I think that's great.,0.5841034054756165,0.017416665330529213,0.3984798789024353,positive,0.566686749458313
48,2020-09-29 11:50:00,Gardner: That is pretty great.,0.8465388417243958,0.02127980999648571,0.13218140602111816,positive,0.8252590298652649
49,2020-09-29 11:50:00,It has happened with increasing rapidity in recent years.,0.4491674304008484,0.0097706513479352,0.5410618782043457,neutral,0.43939676880836487
50,2020-09-29 11:50:00,"I'm pretty glad that companies are starting to come public again, Maria.",0.6695815324783325,0.012558432295918465,0.3178599774837494,positive,0.6570230722427368
51,2020-09-29 11:50:00,It did seem like for some years there nobody was coming public.,0.048260170966386795,0.27213191986083984,0.6796078681945801,neutral,-0.22387175261974335
52,2020-09-29 11:50:00,And it's not quite as fun to be a Rule Breaker when new Rule Breakers aren't showing up in the markets.,0.07135315239429474,0.19714663922786713,0.7315002083778381,neutral,-0.1257934868335724
53,2020-09-29 11:50:00,"Gallagher: Yeah, I agree.",0.4881587624549866,0.05211615562438965,0.45972511172294617,positive,0.4360426068305969
54,2020-09-29 11:50:00,"It's interesting because unicorns are seen more often than you would think they would be, but here we are.",0.06760512292385101,0.013133887201547623,0.9192610383033752,neutral,0.05447123572230339
55,2020-09-29 11:50:00,"[laughs]

Gardner: Yeah, does that mean they're not unicorns anymore; if we're seeing unicorns all over the place, are they no longer unicorns?",0.0330338254570961,0.2065778225660324,0.7603883147239685,neutral,-0.1735439896583557
56,2020-09-29 11:50:00,Gallagher: Are they just horses?,0.023912468925118446,0.07118286192417145,0.9049046039581299,neutral,-0.04727039486169815
57,2020-09-29 11:50:00,"Gardner: Yeah, maybe they're just horses.",0.037178121507167816,0.051034554839134216,0.9117872714996338,neutral,-0.0138564333319664
58,2020-09-29 11:50:00,[laughs] All right.,0.13825154304504395,0.026103273034095764,0.8356451392173767,neutral,0.11214827001094818
59,2020-09-29 11:50:00,"Well, thank you for that deep insight, Maria.",0.4687573313713074,0.022043107077479362,0.5091995596885681,neutral,0.44671422243118286
60,2020-09-29 11:50:00,"That very much fits with the style and pace of this show, the market cap game show, a gamey thought.",0.05066034942865372,0.007599392905831337,0.9417402744293213,neutral,0.04306095838546753
61,2020-09-29 11:50:00,"And your fellow contestant this week, yep, he's coming back from his appearance on last quarter's market cap game show; Tim Beyers, welcome back.",0.225074902176857,0.03486292436718941,0.7400621771812439,neutral,0.19021198153495789
62,2020-09-29 11:50:00,"Tim Beyers: Thanks, David.",0.24512766301631927,0.06022682785987854,0.6946454644203186,neutral,0.18490083515644073
63,2020-09-29 11:50:00,Good to be back.,0.5509361624717712,0.03301018849015236,0.4160536825656891,positive,0.5179259777069092
64,2020-09-29 11:50:00,"Gardner: Tim, you had a great run of it.",0.6432139277458191,0.04047626629471779,0.31630975008010864,positive,0.6027376651763916
65,2020-09-29 11:50:00,I think you tied Dan Kline 5-5.,0.1885366588830948,0.04762004688382149,0.763843297958374,neutral,0.1409166157245636
66,2020-09-29 11:50:00,"Yep, there are no tiebreakers for the market cap game show.",0.034864138811826706,0.03426148369908333,0.9308744072914124,neutral,0.0006026551127433777
67,2020-09-29 11:50:00,"So, I think it's fair to say you are our returning champion.",0.6360625624656677,0.0152817964553833,0.3486556112766266,positive,0.6207807660102844
68,2020-09-29 11:50:00,"I could have had Dan back, it's just he's so busy doing Motley Fool Live every hour, it's hard to schedule him or really, frankly you, Tim.",0.035506658256053925,0.13125841319561005,0.8332349061965942,neutral,-0.09575175493955612
69,2020-09-29 11:50:00,Both of you are doing yeoman's work on Motley Fool Live.,0.04214857146143913,0.012322916649281979,0.945528507232666,neutral,0.02982565388083458
70,2020-09-29 11:50:00,"Tim, could you briefly reintroduce yourself to our audience and share your favorite market cap?",0.1056973785161972,0.00881930161267519,0.8854833841323853,neutral,0.09687807410955429
71,2020-09-29 11:50:00,Beyers: Sure.,0.11391428858041763,0.03294064477086067,0.8531451225280762,neutral,0.08097364008426666
72,2020-09-29 11:50:00,"So, I'm Tim Beyers.",0.04451005160808563,0.010461700148880482,0.9450281858444214,neutral,0.034048352390527725
73,2020-09-29 11:50:00,I've been working on Rule Breakers with David since 2005; April 2005.,0.033057525753974915,0.013568499125540257,0.9533739686012268,neutral,0.019489027559757233
74,2020-09-29 11:50:00,"So, it's been 15 great years.",0.3757303059101105,0.018538860604166985,0.6057307720184326,neutral,0.35719144344329834
75,2020-09-29 11:50:00,I really love working on Rule Breakers.,0.19266286492347717,0.010788856074213982,0.7965483069419861,neutral,0.18187400698661804
76,2020-09-29 11:50:00,"I'm also the Lead Advisor for Cloud Disruptors 2020, which is a real-money portfolio at The Motley Fool.",0.02421444281935692,0.006267922464758158,0.9695176482200623,neutral,0.017946520820260048
77,2020-09-29 11:50:00,"And up my favorite market cap, David, is roughly $225 billion.",0.05456727370619774,0.011042114347219467,0.934390664100647,neutral,0.04352515935897827
78,2020-09-29 11:50:00,"I'm not Aaron Bush, so I'm not going to go down into the second decimal, [laughs] but what I will say is that $225 billion is roughly the market cap for Salesforce.com, which is a stock I've held for a really long time, and has been a pretty significant winner for me personally, and hopefully for a few of our members.",0.5781901478767395,0.023151051253080368,0.398658812046051,positive,0.55503910779953
79,2020-09-29 11:50:00,We like that stock a lot at Rule Breakers.,0.18578676879405975,0.008573196828365326,0.8056400418281555,neutral,0.17721357941627502
80,2020-09-29 11:50:00,Gardner: Great one.,0.2446938008069992,0.0658457949757576,0.6894603967666626,neutral,0.178847998380661
81,2020-09-29 11:50:00,"And Tim, it has been a spectacular performer, a company that really is an exemplar to so many others.",0.8343726396560669,0.013482815586030483,0.1521446406841278,positive,0.8208898305892944
82,2020-09-29 11:50:00,"The 1-1-1 approach that Marc Benioff self-styled as he founded his company, 1%, Tim, of revenues go to charity; 1% of employees time goes in volunteer form to wherever they want to volunteer, and then the last is, I think, 1% of their product given for free to those who would not otherwise be able to afford it.",0.02372555248439312,0.01054919883608818,0.9657252430915833,neutral,0.01317635364830494
83,2020-09-29 11:50:00,And that's something that I'd love to see catch on across a lot of other businesses worldwide.,0.5604755282402039,0.011443686671555042,0.4280807673931122,positive,0.5490318536758423
84,2020-09-29 11:50:00,"That's kind of a conscious capitalism vibe, do you agree?",0.049329984933137894,0.012364751659333706,0.9383053183555603,neutral,0.03696523234248161
85,2020-09-29 11:50:00,Beyers: I completely agree.,0.2640111446380615,0.02271273173391819,0.7132761478424072,neutral,0.24129840731620789
86,2020-09-29 11:50:00,This is a company that really does an incredible job of building a culture of employee connectedness.,0.7230255007743835,0.012298673391342163,0.2646757960319519,positive,0.7107268571853638
87,2020-09-29 11:50:00,It's a great culture.,0.24096117913722992,0.008249795995652676,0.7507890462875366,neutral,0.23271138966083527
88,2020-09-29 11:50:00,"They literally use the word Ohana, Hawaiian for ""family,"" to describe their culture.",0.04426831379532814,0.0359041653573513,0.9198275208473206,neutral,0.008364148437976837
89,2020-09-29 11:50:00,"And then a key part of that culture is giving back, and everybody gets in on the game.",0.1448517143726349,0.020227476954460144,0.8349208235740662,neutral,0.12462423741817474
90,2020-09-29 11:50:00,And I think that is amazing.,0.5661798119544983,0.015413818880915642,0.41840633749961853,positive,0.5507659912109375
91,2020-09-29 11:50:00,Gardner: It is amazing.,0.53044593334198,0.014264330267906189,0.45528972148895264,positive,0.5161815881729126
92,2020-09-29 11:50:00,"Almost as amazing, Tim, as the cost basis that you brought [laughs] that stock to Rule Breakers, as you mentioned, in 2009, $6.89, today trading around $245.",0.3354625999927521,0.02082603983581066,0.6437113285064697,neutral,0.31463655829429626
93,2020-09-29 11:50:00,It's been a 35-bagger spectacular.,0.3029749393463135,0.020512958988547325,0.6765121221542358,neutral,0.2824619710445404
94,2020-09-29 11:50:00,"Now, spoiler alert, Tim, Salesforce is not among the 10 for this market cap gameshow, so.",0.03130776062607765,0.0947965681552887,0.8738957047462463,neutral,-0.06348881125450134
95,2020-09-29 11:50:00,Gardner: Yeah.,0.1496351659297943,0.09365930408239365,0.7567055225372314,neutral,0.055975861847400665
96,2020-09-29 11:50:00,"We did have it for you last time, gave you an opportunity to tell some of that story three months ago, but nope, no Salesforce this time.",0.06584523618221283,0.015785716474056244,0.9183690547943115,neutral,0.050059519708156586
97,2020-09-29 11:50:00,"We might have a cloud disruptor or two, though, we'll have to see.",0.031204404309391975,0.09932737797498703,0.8694681525230408,neutral,-0.0681229755282402
98,2020-09-29 11:50:00,"All right, so here comes the market cap game show.",0.09108678251504898,0.04892318323254585,0.8599900603294373,neutral,0.04216359928250313
99,2020-09-29 11:50:00,"Yep, if you take the price per share of any stock in the world, let's go with Roku right now, which is trading around $188, and you multiply it times the number of shares.",0.05736911669373512,0.008054287172853947,0.9345765709877014,neutral,0.04931483045220375
100,2020-09-29 11:50:00,"Let's just pretend that Roku had 10 million shares; it doesn't, but let's just pretend it did.",0.04125562310218811,0.014365196228027344,0.9443792104721069,neutral,0.026890426874160767
101,2020-09-29 11:50:00,"The market cap would be 10 million shares times $188, and if I'm doing my math well, that's something like $18.8 billion.",0.04570568725466728,0.00970437005162239,0.9445899724960327,neutral,0.03600131720304489
102,2020-09-29 11:50:00,"And that's not a bad guess at the market cap for Roku; I'm checking it right now, it's at $24 billion.",0.02913142368197441,0.019745483994483948,0.9511231184005737,neutral,0.009385939687490463
103,2020-09-29 11:50:00,"By the way, Roku being used as an example, because it's also not on this episode of the market cap gameshow.",0.019828811287879944,0.02510674297809601,0.9550644755363464,neutral,-0.0052779316902160645
104,2020-09-29 11:50:00,"So, price per share times the number of shares gives us, as investors, a quick read on the market cap, on the value, the price tag you'd have to pay for that company.",0.09948611259460449,0.009391549043357372,0.8911223411560059,neutral,0.09009456634521484
105,2020-09-29 11:50:00,"Now, asterisk, it's actually enterprise value that you're paying, because if a company has a lot of debt and you're buying it, then you're technically buying that debt too, so you add that debt to the market cap to determine the enterprise value.",0.03271446377038956,0.00895075686275959,0.958334743976593,neutral,0.023763706907629967
106,2020-09-29 11:50:00,"But that's not nearly as fun as talking about the market cap, it's not quick math.",0.04564429447054863,0.08059849590063095,0.8737571835517883,neutral,-0.03495420143008232
107,2020-09-29 11:50:00,And I think most of us have just gotten familiar and comfortable with the market cap as a quick read on seeing how much something is worth.,0.27693724632263184,0.013881027698516846,0.7091816663742065,neutral,0.263056218624115
108,2020-09-29 11:50:00,"In conclusion, before we start the game, why do we play this game?",0.033573560416698456,0.01680939830839634,0.9496170282363892,neutral,0.016764162108302116
109,2020-09-29 11:50:00,We play this game because it's a wonderful way to think about a company going forward when you buy some shares.,0.15641947090625763,0.007064925506711006,0.8365156054496765,neutral,0.14935454726219177
110,2020-09-29 11:50:00,"For example, Roku today is worth about $24 billion, could you ever see that being $250 billion one day?",0.03437831997871399,0.0105473967269063,0.9550742506980896,neutral,0.023830924183130264
111,2020-09-29 11:50:00,"I don't know, but if you did, then you would see that you could make about 10X your money.",0.1547267585992813,0.010808486491441727,0.8344647288322449,neutral,0.14391827583312988
112,2020-09-29 11:50:00,You're projecting for the possibilities.,0.05195296183228493,0.011434598825871944,0.9366124272346497,neutral,0.04051836207509041
113,2020-09-29 11:50:00,"If you for some reason thought Roku could never get above $100 billion, then that kind of caps, in your own mind, how much that stock could go up, since it could really only go up about 4X in value.",0.09473441541194916,0.022473163902759552,0.8827924132347107,neutral,0.0722612515091896
114,2020-09-29 11:50:00,There is ultimately no limit.,0.0808076411485672,0.026214253157377243,0.8929781317710876,neutral,0.05459338799118996
115,2020-09-29 11:50:00,"The sky's the limit for any company, and yet, for many different companies, they're limited by their own brand or their own focus or niche or industry or possibilities.",0.014266853220760822,0.027612654492259026,0.9581204652786255,neutral,-0.013345801271498203
116,2020-09-29 11:50:00,Every stock is different.,0.04737814515829086,0.010187068022787571,0.9424347281455994,neutral,0.03719107806682587
117,2020-09-29 11:50:00,"When you know the market cap, you know a lot more than most other investors who do not know the market cap.",0.04462392255663872,0.026859458535909653,0.9285166263580322,neutral,0.017764464020729065
118,2020-09-29 11:50:00,"You can simply say ""higher"" or ""lower"" and score yourself at home.",0.1297501176595688,0.05374225601553917,0.8165075778961182,neutral,0.07600785791873932
119,2020-09-29 11:50:00,"And in fact, if you want to share in social media how you did, we always love to see how you're doing at home too.",0.06706611067056656,0.010701318271458149,0.9222325682640076,neutral,0.056364793330430984
120,2020-09-29 11:50:00,We're @RBIPodcast on Twitter.,0.03321150317788124,0.016542695462703705,0.95024573802948,neutral,0.016668807715177536
121,2020-09-29 11:50:00,All right.,0.19407503306865692,0.03288000077009201,0.773045003414154,neutral,0.1611950397491455
122,2020-09-29 11:50:00,"Well, Maria, we drew lots; actually, I just randomize this on my phone, and you are up first, you're going to make the first call on this first company.",0.05929276719689369,0.007968672551214695,0.9327386021614075,neutral,0.05132409557700157
123,2020-09-29 11:50:00,"Now, Maria, are you working from home today?",0.03118683025240898,0.055336784571409225,0.9134764075279236,neutral,-0.024149954319000244
124,2020-09-29 11:50:00,"Maria Gallagher: I am working from home today, yes.",0.019434986636042595,0.031438834965229034,0.9491261839866638,neutral,-0.01200384832918644
125,2020-09-29 11:50:00,Gardner: And roughly how long have you been working from home?,0.02049865573644638,0.09279616177082062,0.886705219745636,neutral,-0.07229750603437424
126,2020-09-29 11:50:00,"Gardner: And indeed, so have I, and probably so is Tim, and probably so have so many of us hearing me right now.",0.047962069511413574,0.02430570498108864,0.9277322888374329,neutral,0.023656364530324936
127,2020-09-29 11:50:00,"And when we're working from home, Maria, do you find yourself using a particular video platform?",0.028843021020293236,0.037896618247032166,0.9332603812217712,neutral,-0.00905359722673893
128,2020-09-29 11:50:00,Gardner: Excellent.,0.7693624496459961,0.055382102727890015,0.1752554476261139,positive,0.7139803171157837
129,2020-09-29 11:50:00,"Well, Skype, [laughs] and I love the head fake there, Skype, not a directly tradable public company itself.",0.06067553535103798,0.0098967170342803,0.9294278025627136,neutral,0.050778817385435104
130,2020-09-29 11:50:00,"There is a competitor to Skype, I think some people might say it's become better known than Skype in something like six months.",0.1501649171113968,0.02762584760785103,0.8222092390060425,neutral,0.12253907322883606
131,2020-09-29 11:50:00,And that is the stock I'm thinking of right now.,0.07480219751596451,0.011931423097848892,0.9132663607597351,neutral,0.06287077069282532
132,2020-09-29 11:50:00,"Maria, what stock do you think I'm thinking of right now?",0.027104033157229424,0.019576620310544968,0.9533193707466125,neutral,0.007527412846684456
133,2020-09-29 11:50:00,Gardner: Exactly.,0.06466376781463623,0.060610320419073105,0.8747259378433228,neutral,0.004053447395563126
134,2020-09-29 11:50:00,One of the biggest ticker symbol mistakes most people have made in 2020 thinking that Zoom's ticker is ZOOM.,0.07591100037097931,0.7389312982559204,0.18515776097774506,negative,-0.6630203127861023
135,2020-09-29 11:50:00,"But I know Tim, you know that Zoom's ticker symbol is.",0.04398727789521217,0.013790050521492958,0.9422225952148438,neutral,0.030197227373719215
136,2020-09-29 11:50:00,Gardner: Exactly.,0.06466376781463623,0.060610320419073105,0.8747259378433228,neutral,0.004053447395563126
137,2020-09-29 11:50:00,And that is stock No.,0.11947920173406601,0.045497965067625046,0.8350228667259216,neutral,0.07398124039173126
138,2020-09-29 11:50:00,1.,0.029014499858021736,0.015284966677427292,0.9557005167007446,neutral,0.013729533180594444
139,2020-09-29 11:50:00,"Maria, I bet you've got to know Zoom awfully well.",0.2114947885274887,0.036114346235990524,0.7523908615112305,neutral,0.17538043856620789
140,2020-09-29 11:50:00,We're all about to get to know the market cap of Zoom awfully well.,0.34777942299842834,0.014232342131435871,0.6379882097244263,neutral,0.33354708552360535
141,2020-09-29 11:50:00,"I'm glad I don't have to make a guess at this myself, because this stock just keeps making new highs, and it's astonishing.",0.6218811869621277,0.017227137461304665,0.3608916997909546,positive,0.60465407371521
142,2020-09-29 11:50:00,"Maria, your best guess, the market cap for Zoom Video Communications, ZM?",0.04393238574266434,0.01561116985976696,0.9404564499855042,neutral,0.028321215882897377
143,2020-09-29 11:50:00,"Gardner: Tim Beyers, that's a pretty good guess.",0.06818409264087677,0.06531628221273422,0.8664996027946472,neutral,0.0028678104281425476
144,2020-09-29 11:50:00,I know you probably have spent some time looking at this company.,0.05845301225781441,0.007767463568598032,0.9337794780731201,neutral,0.05068554729223251
145,2020-09-29 11:50:00,"This would be one of those cloud disruptors, I think.",0.04555235058069229,0.0687815248966217,0.8856661319732666,neutral,-0.023229174315929413
146,2020-09-29 11:50:00,"Tim, ""higher"" or ""lower?""",0.1209925040602684,0.11180271208286285,0.7672048211097717,neutral,0.009189791977405548
147,2020-09-29 11:50:00,Beyers: It's so close to that.,0.07298552244901657,0.025362739339470863,0.9016517400741577,neutral,0.04762278497219086
148,2020-09-29 11:50:00,And boy!,0.17413251101970673,0.09589873999357224,0.7299687266349792,neutral,0.07823377102613449
149,2020-09-29 11:50:00,"I am very tempted to say ""higher,"" but I think it's slightly lower than this.",0.07850616425275803,0.16209183633327484,0.7594019770622253,neutral,-0.08358567208051682
150,2020-09-29 11:50:00,"So, I'm going to say slightly lower.",0.055253684520721436,0.08086743950843811,0.8638789057731628,neutral,-0.025613754987716675
151,2020-09-29 11:50:00,Gardner: And wow!,0.10832887887954712,0.07839072495698929,0.8132803440093994,neutral,0.02993815392255783
152,2020-09-29 11:50:00,You're right.,0.3152310848236084,0.03289720416069031,0.6518718004226685,neutral,0.2823338806629181
153,2020-09-29 11:50:00,"Maria, made a great guess, and it was just a little lower.",0.12256162613630295,0.09061086177825928,0.7868275046348572,neutral,0.03195076435804367
154,2020-09-29 11:50:00,"So, we are recording, of course, Tuesday afternoon, as we want to do, where the market cap of Zoom trading just over $490/share, is $125.5 billion, just a little lower than Maria's $133 billion.",0.023449871689081192,0.8804976940155029,0.09605240821838379,negative,-0.8570477962493896
155,2020-09-29 11:50:00,"Tim, would you buy Zoom today?",0.05546487495303154,0.012028931640088558,0.932506263256073,neutral,0.04343594238162041
156,2020-09-29 11:50:00,Beyers: I would.,0.06789012253284454,0.028709258884191513,0.9034006595611572,neutral,0.03918086364865303
157,2020-09-29 11:50:00,I own two shares of Zoom.,0.020908230915665627,0.008558527566492558,0.9705332517623901,neutral,0.012349703349173069
158,2020-09-29 11:50:00,And I think that this is one of the defining companies of the current generation we're in.,0.2632754147052765,0.007434860337525606,0.729289710521698,neutral,0.255840539932251
159,2020-09-29 11:50:00,"I don't think I'd pay a lot and buy a huge number of shares, but yes, I would be interested in adding to my incredibly large two share position.",0.354748010635376,0.009233830496668816,0.6360182166099548,neutral,0.345514178276062
160,2020-09-29 11:50:00,"Gardner: [laughs] Maria, do you own any Zoom?",0.019617224112153053,0.025841226801276207,0.9545416235923767,neutral,-0.006224002689123154
161,2020-09-29 11:50:00,"Gallagher: I do not, no.",0.0431809164583683,0.09853192418813705,0.8582872152328491,neutral,-0.05535100772976875
162,2020-09-29 11:50:00,Gardner: It has been an amazing stock.,0.8460685610771179,0.012922576628625393,0.1410088837146759,positive,0.8331459760665894
163,2020-09-29 11:50:00,"My brother, Tom, picked it last Summer, so a year ago.",0.08135347068309784,0.010561979375779629,0.908084511756897,neutral,0.07079149037599564
164,2020-09-29 11:50:00,"I don't even know how far it's up for Tom, but I picked it earlier this year in March and it's up to 278% since then.",0.7577412128448486,0.018481025472283363,0.22377775609493256,positive,0.739260196685791
165,2020-09-29 11:50:00,"This has been one of those companies that has truly shot across the night skies, a Starshot stock and one that I don't own personally myself, but I sure am glad that Tom and I have picked it and so many Fool members and no doubt a lot of our listeners have owned at least a share, if not two, Tim.",0.2750279903411865,0.009112668223679066,0.7158593535423279,neutral,0.2659153342247009
166,2020-09-29 11:50:00,All right.,0.19407503306865692,0.03288000077009201,0.773045003414154,neutral,0.1611950397491455
167,2020-09-29 11:50:00,"So, we'll leave Zoom right there.",0.028334667906165123,0.010329198092222214,0.9613361954689026,neutral,0.01800546981394291
168,2020-09-29 11:50:00,"Tim 1, Maria nothing.",0.06588978320360184,0.07832102477550507,0.8557891845703125,neutral,-0.012431241571903229
169,2020-09-29 11:50:00,"Even though I feel like Maria deserves at least a half point for that excellent guess, but that's not how we score the game.",0.17863807082176208,0.07336137443780899,0.7480005621910095,neutral,0.1052766963839531
170,2020-09-29 11:50:00,How are you doing at home?,0.0990004912018776,0.06168857589364052,0.8393109440803528,neutral,0.037311915308237076
171,2020-09-29 11:50:00,We hope you've scored a point as well.,0.8898537755012512,0.0164690800011158,0.09367715567350388,positive,0.8733847141265869
172,2020-09-29 11:50:00,All right.,0.19407503306865692,0.03288000077009201,0.773045003414154,neutral,0.1611950397491455
173,2020-09-29 11:50:00,Let's go to stock No.,0.0325721800327301,0.016238361597061157,0.951189398765564,neutral,0.016333818435668945
174,2020-09-29 11:50:00,2.,0.020992202684283257,0.01708322763442993,0.9619246125221252,neutral,0.003908975049853325
175,2020-09-29 11:50:00,"Tim, have you ever spent much time on TikTok?",0.045259181410074234,0.030504735186696053,0.9242361187934875,neutral,0.014754446223378181
176,2020-09-29 11:50:00,"Beyers: Oh, my gosh!",0.08767405152320862,0.16373459994792938,0.7485913038253784,neutral,-0.07606054842472076
177,2020-09-29 11:50:00,No.,0.16272185742855072,0.12095019966363907,0.716327965259552,neutral,0.04177165776491165
178,2020-09-29 11:50:00,"[laughs] I probably should know more about this, because I have teenagers, but, no, I have never actually tried TikTok.",0.030403129756450653,0.02453879825770855,0.9450581073760986,neutral,0.005864331498742104
179,2020-09-29 11:50:00,Gardner: Have you seen any of your teenagers dancing in front of their mobile phone recently?,0.04967541620135307,0.21320194005966187,0.7371225953102112,neutral,-0.1635265201330185
180,2020-09-29 11:50:00,Gardner: All right.,0.11315949261188507,0.05455401539802551,0.8322864770889282,neutral,0.05860547721385956
181,2020-09-29 11:50:00,"Well, nor have I. Maria, you are admittedly about a half generation younger than we are, if not a full generation.",0.06433877348899841,0.06179164722561836,0.8738695979118347,neutral,0.0025471262633800507
182,2020-09-29 11:50:00,"Maria, is TikTok part of your life?",0.0360129252076149,0.030669555068016052,0.9333174824714661,neutral,0.0053433701395988464
183,2020-09-29 11:50:00,"Gallagher: I don't have a TikTok, but I have learned dances on TikTok and I have watched many TikTok videos that my friends have sent me.",0.025376254692673683,0.019395703449845314,0.9552280306816101,neutral,0.005980551242828369
184,2020-09-29 11:50:00,Gardner: Excellent.,0.7693624496459961,0.055382102727890015,0.1752554476261139,positive,0.7139803171157837
185,2020-09-29 11:50:00,Maybe that'll give you a little bit of an edge here.,0.6204848885536194,0.030452169477939606,0.3490630090236664,positive,0.590032696723938
186,2020-09-29 11:50:00,"Now, TikTok, as many of us know, is not a tradable stock, a public company.",0.014290308579802513,0.04276607185602188,0.9429436922073364,neutral,-0.028475763276219368
187,2020-09-29 11:50:00,It certainly is under fire from the Trump administration.,0.09398011863231659,0.4353853166103363,0.4706345498561859,neutral,-0.3414052128791809
188,2020-09-29 11:50:00,"There has been a lot of reporting around what should happen with TikTok, should it be bought up by an American company, the American side of it?",0.012743467465043068,0.03116138093173504,0.9560951590538025,neutral,-0.01841791346669197
189,2020-09-29 11:50:00,Should it be banned from America?,0.08731105178594589,0.30690738558769226,0.605781614780426,neutral,-0.21959632635116577
190,2020-09-29 11:50:00,How should we think about TikTok?,0.02244720235466957,0.018701400607824326,0.9588513374328613,neutral,0.0037458017468452454
191,2020-09-29 11:50:00,"Well, we can't think about TikTok the stock on this podcast, but we can think about the companies that are setting themselves up to become part owners of TikTok.",0.018598660826683044,0.009766725823283195,0.971634566783905,neutral,0.008831935003399849
192,2020-09-29 11:50:00,"And, Tim, one of those companies was started by Larry Ellison a long time ago.",0.025001181289553642,0.01276960875838995,0.9622291922569275,neutral,0.012231572531163692
193,2020-09-29 11:50:00,Gardner: Exactly.,0.06466376781463623,0.060610320419073105,0.8747259378433228,neutral,0.004053447395563126
194,2020-09-29 11:50:00,"Oracle, ticker symbol ORCL, has been, for the most part, an amazing company on the stock market for decades.",0.6183634996414185,0.013488493859767914,0.3681480288505554,positive,0.6048750281333923
195,2020-09-29 11:50:00,"The world's leading database company in many ways, but especially in the pre-cloud era, Tim, when Oracle could come up with its new version and sell that.",0.5753726959228516,0.013003496453166008,0.4116238057613373,positive,0.5623692274093628
196,2020-09-29 11:50:00,"And when the cloud showed up, Oracle got a little disrupted, is it fair to say that?",0.09740633517503738,0.33123210072517395,0.5713615417480469,neutral,-0.23382577300071716
197,2020-09-29 11:50:00,"Beyers: Oh, it's very fair to say that.",0.05763394013047218,0.041172388941049576,0.9011936783790588,neutral,0.016461551189422607
198,2020-09-29 11:50:00,"In fact, true story, I sold my shares of Oracle before I bought my shares of Salesforce.",0.027081051841378212,0.010563142597675323,0.9623557925224304,neutral,0.01651790924370289
199,2020-09-29 11:50:00,Gardner: That is awesome.,0.693821907043457,0.02929765358567238,0.27688050270080566,positive,0.664524257183075
200,2020-09-29 11:50:00,"So, that means you've avoided some underperformance which we've seen from Larry Ellison's company in recent years.",0.6751381754875183,0.08903749287128448,0.235824316740036,positive,0.586100697517395
201,2020-09-29 11:50:00,And yet it's still a pretty big company.,0.14841718971729279,0.009364510886371136,0.842218279838562,neutral,0.13905267417430878
202,2020-09-29 11:50:00,"Tim, have you followed TikTok, Oracle, etc., is that part of your focus or is this not on your map?",0.022217504680156708,0.04354693368077278,0.9342356324195862,neutral,-0.021329429000616074
203,2020-09-29 11:50:00,Beyers: I followed Oracle a little bit because of the disruption.,0.11869025975465775,0.31439802050590515,0.5669116973876953,neutral,-0.195707768201828
204,2020-09-29 11:50:00,"And I have to say, I've been maybe a little bit unfair with Oracle in terms of how well its own cloud platform performs.",0.04111999645829201,0.7772880792617798,0.1815919131040573,negative,-0.7361680865287781
205,2020-09-29 11:50:00,"You know, the big three are Amazon, Microsoft, and Google Cloud, but Oracle is in there too.",0.018366793170571327,0.01240087952464819,0.9692323207855225,neutral,0.005965913645923138
206,2020-09-29 11:50:00,And they like to say so.,0.1364787518978119,0.018367480486631393,0.8451537489891052,neutral,0.1181112676858902
207,2020-09-29 11:50:00,"And interestingly enough, they serve Zoom.",0.06887836009263992,0.018739888444542885,0.9123817086219788,neutral,0.05013847351074219
