,datetime,sentence,positive,negative,neutral,global_sentiment,avg_sentiment
0,2019-07-30 09:53:00,"Alibaba (NYSE: BABA), the top e-commerce and cloud platform player in China, recently became the exclusive seller of Salesforce's (NYSE: CRM) cloud-based customer relationship management (CRM) software suite in the Greater China region.",0.8425620794296265,0.012292863801121712,0.1451450139284134,positive,0.8302692174911499
1,2019-07-30 09:53:00,"Salesforce led the global CRM market with a 19.5% share in 2018, according to Gartner, but only generated about 10% of its revenue from the Asia Pacific region last quarter.",0.11922742426395416,0.3206329345703125,0.5601395964622498,neutral,-0.20140551030635834
2,2019-07-30 09:53:00,That percentage could rise significantly as Alibaba sells Salesforce's CRM services to its massive base of merchants and cloud customers.,0.9019166827201843,0.012053093872964382,0.08603028208017349,positive,0.8898636102676392
3,2019-07-30 09:53:00,Salesforce's multinational customers would also gain localized CRM support in China.,0.9403799772262573,0.014235841110348701,0.04538419842720032,positive,0.9261441230773926
4,2019-07-30 09:53:00,"Alibaba doesn't offer its own cloud-based CRM platform for small-to-medium-sized businesses, so Salesforce's tools could fill that gap.",0.05408784747123718,0.26073378324508667,0.6851783394813538,neutral,-0.2066459357738495
5,2019-07-30 09:53:00,It could also widen Alibaba's moat against ecosystem rivals like Tencent (OTC: TCEHY).,0.948283851146698,0.020269343629479408,0.03144681081175804,positive,0.9280145168304443
6,2019-07-30 09:53:00,Tencent is Alibaba's biggest rival in China.,0.2903134822845459,0.025493808090686798,0.6841927170753479,neutral,0.2648196816444397
7,2019-07-30 09:53:00,"It owns WeChat, the country's top messaging platform with 1.1 billion monthly active users and an ecosystem that includes over a million Mini Programs.",0.2606008052825928,0.007043592631816864,0.7323556542396545,neutral,0.2535572052001953
8,2019-07-30 09:53:00,"Those programs let users buy things, pay bills, hail rides, order food, play games, and perform other tasks without leaving the app.",0.023416094481945038,0.01753685250878334,0.9590470194816589,neutral,0.005879241973161697
9,2019-07-30 09:53:00,"WeChat Pay, the digital payment platform linked to the app, holds a near-duopoly in the market with Alibaba-backed Alipay.",0.2779645025730133,0.011982650496065617,0.7100528478622437,neutral,0.26598185300827026
10,2019-07-30 09:53:00,"Tencent owns the second-largest cloud platform in China after Alibaba Cloud, it's the top video game publisher in the world, and it's a top investor in Alibaba's e-commerce rival JD.com.",0.6710619926452637,0.01153570506721735,0.3174022436141968,positive,0.6595262885093689
11,2019-07-30 09:53:00,"Tencent is connecting all those dots with ""social CRM"" services.",0.09711773693561554,0.010666335001587868,0.8922159671783447,neutral,0.08645140379667282
12,2019-07-30 09:53:00,"Many companies already used WeChat to sell products, accept payments, communicate with customers, and track business trends.",0.042866963893175125,0.007036516442894936,0.9500964879989624,neutral,0.03583044558763504
13,2019-07-30 09:53:00,"But third-party developers subsequently launched CRM apps that add additional features to WeChat -- including digital coupons, loyalty programs, and integration with social networks like Weibo.",0.3515722155570984,0.009136407636106014,0.6392914056777954,neutral,0.3424358069896698
14,2019-07-30 09:53:00,"Tencent invested in several of those CRM apps, including Xiaoshouyi and EasyRetailPro.",0.28277161717414856,0.00688772089779377,0.710340678691864,neutral,0.27588388323783875
15,2019-07-30 09:53:00,"Simply put, WeChat is already an all-in-one e-commerce and CRM platform for companies doing business in China.",0.5507040619850159,0.010383723303675652,0.4389123022556305,positive,0.5403203368186951
16,2019-07-30 09:53:00,"That's a big problem for Alibaba, since merchants could focus more on doing business on WeChat instead of opening new stores on Tmall.",0.04396606236696243,0.759972333908081,0.19606159627437592,negative,-0.7160062789916992
17,2019-07-30 09:53:00,"Big brands like Chanel, LVMH, and Nike have already turned their WeChat accounts into ""social shopping"" platforms, and many more merchants could follow suit.",0.46141913533210754,0.0135611891746521,0.5250197052955627,neutral,0.44785794615745544
18,2019-07-30 09:53:00,"WeChat is an effective CRM platform for big brands with large social followings, but it's less effective for smaller businesses with fewer loyal customers.",0.09954805672168732,0.19507794082164764,0.705374002456665,neutral,-0.09552988409996033
19,2019-07-30 09:53:00,That's why Alibaba needs Salesforce.,0.1321871280670166,0.013676569797098637,0.8541362285614014,neutral,0.11851055920124054
20,2019-07-30 09:53:00,Alibaba realizes that smaller merchants still need to set up shop on Taobao or Tmall to appear in its search results.,0.09785923361778259,0.3439079225063324,0.5582329034805298,neutral,-0.2460486888885498
21,2019-07-30 09:53:00,"It also likely realizes that its marketplaces, which let customers communicate with merchants via Tencent's QQ and WeChat, passively strengthen its top rival's messaging platforms.",0.9224245548248291,0.015239758417010307,0.06233569607138634,positive,0.9071847796440125
22,2019-07-30 09:53:00,Partnering with Salesforce addresses those problems.,0.05459832772612572,0.6726886034011841,0.2727130353450775,negative,-0.6180902719497681
23,2019-07-30 09:53:00,"Alibaba can promote Salesforce's CRM suite (which include its Sales Cloud, Service Cloud, Commerce Cloud, and Salesforce Platform services) as an all-in-one tool for maintaining customer relationships and analyzing business trends.",0.6063754558563232,0.009660150855779648,0.3839643895626068,positive,0.5967153310775757
24,2019-07-30 09:53:00,"That strategy could gradually wean Alibaba's merchants away from Tencent's messaging services, but it could be tough to completely sever those ties.",0.140849769115448,0.6837658882141113,0.17538434267044067,negative,-0.5429161190986633
25,2019-07-30 09:53:00,"Alibaba will also store all of Salesforce's data from Chinese customers on its domestic cloud servers to comply with government regulations, which bar the data of Chinese users from being stored on overseas servers.",0.057861775159835815,0.030150333419442177,0.9119879007339478,neutral,0.02771144174039364
26,2019-07-30 09:53:00,"If Alibaba helps Salesforce gain more customers in China, it would feed the growth of its cloud platform and widen its moat against Tencent Cloud.",0.9411737322807312,0.0165273305028677,0.04229893162846565,positive,0.9246463775634766
27,2019-07-30 09:53:00,But will it move the needle for either company?,0.10070917755365372,0.11643071472644806,0.7828601598739624,neutral,-0.015721537172794342
28,2019-07-30 09:53:00,"Alibaba and Salesforce's partnership sounds like a win-win, but its overall impact could be limited.",0.14884871244430542,0.2895318567752838,0.5616194605827332,neutral,-0.1406831443309784
29,2019-07-30 09:53:00,"Tencent already dominates the social CRM space with WeChat, and support from third-party developers could help it pump out better localized features than Alibaba and Salesforce, at a faster pace.",0.9276838302612305,0.015624647960066795,0.05669155716896057,positive,0.9120591878890991
30,2019-07-30 09:53:00,"It was smart for Alibaba and Salesforce to team up, but it's more of a defensive play against Tencent than an offensive one that will significantly move the needle for either company.",0.6573085784912109,0.04792764037847519,0.29476383328437805,positive,0.6093809604644775
31,2019-07-30 09:53:00,"10 stocks we like better than Salesforce.com

When investing geniuses David and Tom Gardner have a stock tip, it can pay to listen.",0.12068876624107361,0.033474430441856384,0.8458368182182312,neutral,0.08721433579921722
32,2019-07-30 09:53:00,"After all, the newsletter they have run for over a decade, Motley Fool Stock Advisor, has quadrupled the market.",0.8087436556816101,0.0373060368001461,0.15395022928714752,positive,0.7714376449584961
33,2019-07-30 09:53:00,"*

David and Tom just revealed what they believe are the ten best stocks for investors to buy right now... and Salesforce.com wasn't one of them!",0.20034073293209076,0.016208069398999214,0.7834511995315552,neutral,0.1841326653957367
34,2019-07-30 09:53:00,That's right -- they think these 10 stocks are even better buys.,0.8146857619285583,0.02307075634598732,0.16224350035190582,positive,0.7916150093078613
35,2019-07-30 09:53:00,"Leo Sun owns shares of JD.com, LVMH Moet Hennessy L.V.",0.011279197409749031,0.009778639301657677,0.9789421558380127,neutral,0.0015005581080913544
36,2019-07-30 09:53:00,"(ADR), and Tencent Holdings.",0.02287542074918747,0.006170283537358046,0.9709542989730835,neutral,0.016705136746168137
37,2019-07-30 09:53:00,"The Motley Fool owns shares of and recommends JD.com, Nike, Salesforce.com, and Tencent Holdings.",0.02269214391708374,0.013947038911283016,0.9633608460426331,neutral,0.008745105005800724
38,2019-07-30 09:53:00,The Motley Fool has the following options: long January 2021 $100 calls on Salesforce.com.,0.014087560586631298,0.06427516788244247,0.9216372966766357,neutral,-0.0501876063644886
39,2019-07-30 09:53:00,The Motley Fool recommends Gartner and Weibo.,0.04325129836797714,0.03227165713906288,0.9244771003723145,neutral,0.01097964122891426
40,2019-07-30 09:53:00,The Motley Fool has a disclosure policy.,0.016547124832868576,0.017303891479969025,0.9661489725112915,neutral,-0.0007567666471004486
