,datetime,sentence,positive,negative,neutral,global_sentiment,avg_sentiment
0,2019-05-29 06:58:00,"On bad days, a momentum stock like Salesforce (NYSE:) usually leads lower first.",0.05941525101661682,0.720561683177948,0.22002312541007996,negative,-0.6611464023590088
1,2019-05-29 06:58:00,"Instead, CRM stock was the one still trying to rally on a bad market day.",0.7724915146827698,0.12603381276130676,0.10147470980882645,positive,0.6464576721191406
2,2019-05-29 06:58:00,Why so much faith in CRM?,0.06840779632329941,0.06629880517721176,0.8652934432029724,neutral,0.0021089911460876465
3,2019-05-29 06:58:00,"This is the company that made the cloud a cool place to be, and it still reigns supreme there.",0.1791442185640335,0.011061826720833778,0.8097938895225525,neutral,0.16808238625526428
4,2019-05-29 06:58:00,Back then it competed against giants like Microsoft (NASDAQ:) and won.,0.8306060433387756,0.017794502899050713,0.1515994668006897,positive,0.812811553478241
5,2019-05-29 06:58:00,This was no small feat so we have proof that management is competent enough to navigate these headline threats.,0.8555457592010498,0.01329044345766306,0.13116377592086792,positive,0.8422552943229675
6,2019-05-29 06:58:00,"And while Salesforce is the company that first put the possibilities of the cloud in the spotlight, Amazon (NASDAQ:) is the company that made it easy for all companies to join in on the fun.",0.3233506381511688,0.012035490944981575,0.6646138429641724,neutral,0.3113151490688324
7,2019-05-29 06:58:00,"That migration trend will continue for the next few years, which means the demand for CRM products and services will also continue to grow.",0.9275146722793579,0.013226230628788471,0.059259139001369476,positive,0.9142884612083435
8,2019-05-29 06:58:00,"Moreover, the reasons that are scaring investors out of stocks here have nothing to do with CRM’s profit and loss statement.",0.021364077925682068,0.39339733123779297,0.5852385759353638,neutral,-0.3720332384109497
9,2019-05-29 06:58:00,Salesforce is not in the line of fire of the economic trade war between the U.S. and China.,0.050575993955135345,0.29028037190437317,0.6591435670852661,neutral,-0.23970437049865723
10,2019-05-29 06:58:00,"Sure, it could suffer indirectly from other companies contracting, but the services that CRM provides will survive the early cuts in spending.",0.20005866885185242,0.7008493542671204,0.09909195452928543,negative,-0.5007907152175903
11,2019-05-29 06:58:00,"During hard times, businesses don’t eliminate what makes them efficient.",0.0244487002491951,0.023755066096782684,0.9517961740493774,neutral,0.0006936341524124146
12,2019-05-29 06:58:00,"Fundamentally, Salesforce stock is not cheap as it sells at a price-to-earnings ratio of 103.",0.033206526190042496,0.23921144008636475,0.7275819778442383,neutral,-0.20600491762161255
13,2019-05-29 06:58:00,This is almost four times more expensive than MSFT or Apple (NASDAQ:).,0.2667205035686493,0.033792074769735336,0.6994874477386475,neutral,0.23292842507362366
14,2019-05-29 06:58:00,"But for now, and for as long as it grows this fast, this is not an issue.",0.039560407400131226,0.011813901364803314,0.9486256837844849,neutral,0.02774650603532791
15,2019-05-29 06:58:00,Hyper-growth companies like CRM need to spend a lot to feed the growth.,0.38144102692604065,0.012743708677589893,0.6058152914047241,neutral,0.36869731545448303
16,2019-05-29 06:58:00,"So, for now, Wall Street still gives it a pass on profitability.",0.5934039950370789,0.020053427666425705,0.38654252886772156,positive,0.5733505487442017
17,2019-05-29 06:58:00,"Technically, CRM stock is tight and a momentum stock like this doesn’t stay tight for long.",0.044592954218387604,0.20086759328842163,0.7545394897460938,neutral,-0.15627464652061462
18,2019-05-29 06:58:00,That means there is a move coming … but in which direction?,0.11305025964975357,0.12562188506126404,0.761327862739563,neutral,-0.012571625411510468
19,2019-05-29 06:58:00,"Since support for CRM just below its current price has held all year, I assume that the bears need new reasons to sell it lower.",0.3007969260215759,0.044613879173994064,0.6545892357826233,neutral,0.25618305802345276
20,2019-05-29 06:58:00,So the upside scenario is more likely to happen than a debacle.,0.05786899849772453,0.034802570939064026,0.9073284268379211,neutral,0.023066427558660507
21,2019-05-29 06:58:00,"But as with all assumptions, we also have to consider the opposite scenario.",0.016189903020858765,0.014152207411825657,0.969657838344574,neutral,0.0020376956090331078
22,2019-05-29 06:58:00,"So if this market-wide malaise lingers, then Salesforce.com stock is vulnerable to $144 per share.",0.026924876496195793,0.941515326499939,0.03155984356999397,negative,-0.9145904779434204
23,2019-05-29 06:58:00,That zone was the 2019 breakout level and it should provide support on the way down.,0.5951127409934998,0.07930777221918106,0.325579434633255,positive,0.5158049464225769
24,2019-05-29 06:58:00,"And since we are still in intense headline mode, I wouldn’t suggest taking a full position all at once.",0.04084831476211548,0.01466940063983202,0.9444822669029236,neutral,0.026178915053606033
25,2019-05-29 06:58:00,"Instead, I suggest that you do it in tranches.",0.027881387621164322,0.006285591516643763,0.9658329486846924,neutral,0.021595796570181847
26,2019-05-29 06:58:00,This leaves room for error and you can add more if the price action this week is favorable for such a move.,0.1255628913640976,0.02658195048570633,0.8478552103042603,neutral,0.09898094087839127
27,2019-05-29 06:58:00,Nicolas Chahine is the managing director of .,0.010788301937282085,0.00979914702475071,0.9794125556945801,neutral,0.0009891549125313759
28,2019-05-29 06:58:00,"As of this writing, he did not hold a position in any of the aforementioned securities.",0.009080321528017521,0.02340867556631565,0.9675110578536987,neutral,-0.01432835403829813
29,2019-05-29 06:58:00,You can join his live chat room here.,0.06641323864459991,0.025209827348589897,0.9083768725395203,neutral,0.04120340943336487
30,2019-05-29 06:58:00,The post appeared first on InvestorPlace.,0.06827229261398315,0.03990982100367546,0.8918178081512451,neutral,0.028362471610307693
