,datetime,sentence,positive,negative,neutral,global_sentiment,avg_sentiment
0,2019-04-16 21:59:00,I'm not yet a believer in the ability of IBM (NYSE: IBM ) to make the shift to the new tech world under its current leadership.,0.45246943831443787,0.016092348843812943,0.5314381718635559,neutral,0.43637707829475403
1,2019-04-16 21:59:00,Every other mega-cap technology company has already adapted to the new ways except IBM.,0.5883517861366272,0.011495000682771206,0.40015318989753723,positive,0.576856791973114
2,2019-04-16 21:59:00,"While IBM stock came into its earnings event up 27% year-to-date compared to the S&P 500's 16%, it still trails the index and its competitors tremendously for the long term.",0.9426531195640564,0.03087880089879036,0.02646806091070175,positive,0.9117743372917175
3,2019-04-16 21:59:00,"IBM is down 25% in five years, while the SPY is up 56%.",0.01918852888047695,0.9620897769927979,0.018721681088209152,negative,-0.9429012537002563
4,2019-04-16 21:59:00,Microsoft (NASDAQ: MSFT ) and Salesforce (NYSE: CRM ) are up 200% for the same period.,0.9299031496047974,0.020642630755901337,0.04945420101284981,positive,0.9092605113983154
5,2019-04-16 21:59:00,"More to that, Cisco (NASDAQ: CSCO ) and Oracle (NYSE: ORCL ) are up 145% and 38% respectively.",0.9070232510566711,0.027133842930197716,0.06584291905164719,positive,0.8798894286155701
6,2019-04-16 21:59:00,So this is proof that old dogs can learn new tricks … except for IBM.,0.175913468003273,0.016153929755091667,0.8079326748847961,neutral,0.1597595363855362
7,2019-04-16 21:59:00,"Management talks the talk, but for some reason, it's hard to see the results without a forensic technician on hand.",0.038377318531274796,0.3949865996837616,0.5666361451148987,neutral,-0.3566092848777771
8,2019-04-16 21:59:00,"If CEO Ginni Rometti has to point out the innovation, then it's probably not as impressive as she thinks it is.",0.13177020847797394,0.06893733143806458,0.7992924451828003,neutral,0.06283287703990936
9,2019-04-16 21:59:00,The new formula for tech success is simple.,0.13647082448005676,0.006570455152541399,0.8569587469100952,neutral,0.12990036606788635
10,2019-04-16 21:59:00,Companies now want to use subscription services that are based in the cloud.,0.07119037955999374,0.009476634673774242,0.9193329811096191,neutral,0.06171374395489693
11,2019-04-16 21:59:00,Anything else is considered ancient and is off trend.,0.036485444754362106,0.0814020037651062,0.8821125626564026,neutral,-0.044916559010744095
12,2019-04-16 21:59:00,This is likely to continue for a few years.,0.11637700349092484,0.00857765693217516,0.8750452995300293,neutral,0.10779934376478195
13,2019-04-16 21:59:00,CRM started the model and Amazon (NASDAQ: AMZN ) accelerated it with the advent of its AWS.,0.43131738901138306,0.008547252975404263,0.5601353645324707,neutral,0.4227701425552368
14,2019-04-16 21:59:00,"Last night, IBM management missed on sales but managed to beat their bottom line.",0.13231946527957916,0.8144382238388062,0.05324229970574379,negative,-0.6821187734603882
15,2019-04-16 21:59:00,"This means IBM is managing profitability, but it still struggles to meet its revenue expectations.",0.03607518598437309,0.9417237043380737,0.02220107987523079,negative,-0.9056485295295715
16,2019-04-16 21:59:00,"Also, to make things even more confusing they rearranged some of the revenue segments to muddle things.",0.0218413807451725,0.8739613890647888,0.104197196662426,negative,-0.8521199822425842
17,2019-04-16 21:59:00,"So I caution you on chasing mentions of ""cloud"" in their statements - now, it's a matter of showing , not just telling.",0.03926229476928711,0.03492085635662079,0.9258168339729309,neutral,0.004341438412666321
18,2019-04-16 21:59:00,"• 7 Consumer Stocks to Buy and Hold for Years

While I'm not an expert on IBM's business, I do know mediocrity when I see it.",0.031832944601774216,0.018093161284923553,0.9500738978385925,neutral,0.013739783316850662
19,2019-04-16 21:59:00,This report represents its third consecutive decline in quarter sales year-over-year.,0.018042588606476784,0.9724683165550232,0.009489143267273903,negative,-0.9544257521629333
20,2019-04-16 21:59:00,Clearly IBM needs to make another shift of sorts.,0.3923656940460205,0.03661835938692093,0.5710159540176392,neutral,0.3557473421096802
21,2019-04-16 21:59:00,"Whatever the company is doing now is not working, yet the CEO still gets the benefit of the doubt.",0.05647258833050728,0.19476482272148132,0.7487626671791077,neutral,-0.13829223811626434
22,2019-04-16 21:59:00,"At some point, IBM needs intervention so it can transform itself as MSFT did with its new CEO Satya Nadella.",0.6488526463508606,0.01905975490808487,0.3320876359939575,positive,0.6297928690910339
23,2019-04-16 21:59:00,"My criticism here is not the same as shorting the stock, but it's not a good bullish thesis either.",0.03582858666777611,0.3158729672431946,0.648298442363739,neutral,-0.2800443768501282
24,2019-04-16 21:59:00,"The good news is that fundamentally, IBM stock is cheap as it sells at a price-to-earnings ratio of 12.",0.49762800335884094,0.014311123639345169,0.48806092143058777,positive,0.4833168685436249
25,2019-04-16 21:59:00,"This is even cheaper than Apple (NASDAQ: AAPL ), so there is value below and it's not likely to be a major loss to hold the shares here.",0.1473642885684967,0.09868887811899185,0.7539467811584473,neutral,0.04867541044950485
26,2019-04-16 21:59:00,It's just stagnating.,0.05036168172955513,0.14108334481716156,0.808555006980896,neutral,-0.09072166681289673
27,2019-04-16 21:59:00,Maybe its acquisition of Red Hat (NYSE: RHT ) is their ticket out of the stock muck in which they are stuck.,0.06789694726467133,0.12604288756847382,0.8060601949691772,neutral,-0.05814594030380249
28,2019-04-16 21:59:00,"If so, then a lot is riding on that and if it fails for any reason, both of those stocks are doomed.",0.07801163196563721,0.45903345942497253,0.46295490860939026,neutral,-0.3810218274593353
29,2019-04-16 21:59:00,"In addition to its fundamentals, IBM stock can't rally here because it's facing heavy technical resistance.",0.05507388710975647,0.7966036796569824,0.14832241833209991,negative,-0.7415298223495483
30,2019-04-16 21:59:00,"Yes, IBM rallied an amazing 34% off its December lows.",0.9306983947753906,0.038517169654369354,0.030784493312239647,positive,0.8921812176704407
31,2019-04-16 21:59:00,But up here it runs into the supply of sellers who have been stuck up since the October disaster.,0.05815087631344795,0.7213726043701172,0.22047647833824158,negative,-0.6632217168807983
32,2019-04-16 21:59:00,"• 10 Best Stocks to Buy and Hold Forever

Pivot zones like these are where bulls and bears agree on price so they like to fight it out hard.",0.0965157300233841,0.016241706907749176,0.8872425556182861,neutral,0.08027402311563492
33,2019-04-16 21:59:00,This creates price action congestion and when a stock is rallying this translates into resistance.,0.08299784362316132,0.051635466516017914,0.8653666377067566,neutral,0.0313623771071434
34,2019-04-16 21:59:00,All of that means it won't be as easy for IBM stock to breach the $145 zone as it was getting here.,0.2707151174545288,0.17601341009140015,0.553271472454071,neutral,0.09470170736312866
35,2019-04-16 21:59:00,"Conversely, IBM stock has support above $132 per share, so it would take a big calamity in the equity markets for it to fall below it.",0.10909315198659897,0.6890809535980225,0.20182590186595917,negative,-0.5799878239631653
36,2019-04-16 21:59:00,"If I owned shares, I'd put them to work by selling covered calls against them.",0.039959874004125595,0.025635426864027977,0.934404730796814,neutral,0.014324447140097618
37,2019-04-16 21:59:00,This is an easy way to create synthetic dividends above and beyond the company's 4% yield.,0.46508148312568665,0.010594182647764683,0.524324357509613,neutral,0.45448729395866394
38,2019-04-16 21:59:00,"Another bit of potentially good news is that most analysts have given up on the rally in IBM, so they rate the stock as a HOLD.",0.07523002475500107,0.6125912070274353,0.3121787905693054,negative,-0.537361204624176
39,2019-04-16 21:59:00,When IBM finally delivers actual turnaround results there should be a slew of upgrades to cause a buying catalyst for the stock.,0.5553998351097107,0.02206858992576599,0.4225316047668457,positive,0.5333312749862671
40,2019-04-16 21:59:00,Nicolas Chahine is the managing director of SellSpreads.com .,0.016307199373841286,0.009209631942212582,0.9744831323623657,neutral,0.007097567431628704
41,2019-04-16 21:59:00,"As of this writing, he did not hold a position in any of the aforementioned securities.",0.009080321528017521,0.02340867556631565,0.9675110578536987,neutral,-0.01432835403829813
42,2019-04-16 21:59:00,You can follow him as @racernic on Twitter and Stocktwits .,0.06448649615049362,0.04394841566681862,0.8915650248527527,neutral,0.020538080483675003
43,2019-04-16 21:59:00,"• This Is How You Beat Back a Bear Market
• 7 Dental Stocks to Buy That Will Make You Smile

The post IBM Needs to Show Us It Can Succeed Before It's a Buy Again appeared first on InvestorPlace .",0.658852219581604,0.021042050793766975,0.3201057016849518,positive,0.6378101706504822
44,2019-04-16 21:59:00,"The views and opinions expressed herein are the views and opinions of the author and do not necessarily reflect those of Nasdaq, Inc.",0.010204561054706573,0.01563790813088417,0.9741575717926025,neutral,-0.005433347076177597
