,datetime,sentence,positive,negative,neutral,global_sentiment,avg_sentiment
0,2018-12-12 23:53:00,The market's reversal of fortune has been particularly painful in the technology sector.,0.0258730947971344,0.9445361495018005,0.029590774327516556,negative,-0.9186630249023438
1,2018-12-12 23:53:00,"Once high fliers have been struck down, and momentum has gone from loved to loathed.",0.21140630543231964,0.5268921256065369,0.2617015838623047,negative,-0.3154858350753784
2,2018-12-12 23:53:00,But not all Nasdaq components are getting tossed out with the trash.,0.05159652233123779,0.38821977376937866,0.5601836442947388,neutral,-0.33662325143814087
3,2018-12-12 23:53:00,Some software stocks remain resilient in the face of mass distribution.,0.8822987675666809,0.023816239088773727,0.09388505667448044,positive,0.8584825396537781
4,2018-12-12 23:53:00,"Resilience, relative strength, muscle-flexing - call it what you want.",0.1762399971485138,0.010621224530041218,0.8131387829780579,neutral,0.16561877727508545
5,2018-12-12 23:53:00,The fact is traders seeking stocks to buy should focus on the stalwarts that are holding firm amid the market meltdown.,0.19763626158237457,0.050147898495197296,0.7522158622741699,neutral,0.14748835563659668
6,2018-12-12 23:53:00,"Like a ball being held beneath the water, these favored few are usually the first to pop once the broader selling pressure finally abates.",0.18063469231128693,0.11136893182992935,0.7079963684082031,neutral,0.06926576048135757
7,2018-12-12 23:53:00,"Indeed, today's selections aren't even waiting for the bears to hibernate.",0.08768679201602936,0.03890303522348404,0.8734102249145508,neutral,0.04878375679254532
8,2018-12-12 23:53:00,They're ripping now and rest at or near record highs.,0.19243311882019043,0.13196952641010284,0.6755973696708679,neutral,0.060463592410087585
9,2018-12-12 23:53:00,Let's take a closer look.,0.0707448199391365,0.010706191882491112,0.9185489416122437,neutral,0.060038626194000244
10,2018-12-12 23:53:00,"""Bear market?",0.13445833325386047,0.27833643555641174,0.5872052907943726,neutral,-0.14387810230255127
11,2018-12-12 23:53:00,"What bear market?""",0.12027859687805176,0.30726221203804016,0.5724592208862305,neutral,-0.1869836151599884
12,2018-12-12 23:53:00,So say the countless Workday (NASDAQ: WDAY ) stock owners basking in the glory that is all-time highs.,0.38036587834358215,0.031859010457992554,0.5877751111984253,neutral,0.3485068678855896
13,2018-12-12 23:53:00,The California-based financial and human capital management software vendor reported a stellar quarterly report last month that sent its stock flying.,0.9032782912254333,0.04990096390247345,0.046820707619190216,positive,0.8533773422241211
14,2018-12-12 23:53:00,Since then Workday has been in consolidation mode to work through the overbought pressures that have arisen.,0.6992465257644653,0.026834851130843163,0.27391862869262695,positive,0.6724116802215576
15,2018-12-12 23:53:00,The beauty of the digestion is it allows the 20-day moving average to catch up and for a base to form that may well spell an attractive breakout trade.,0.6907811760902405,0.017529109492897987,0.29168975353240967,positive,0.6732520461082458
16,2018-12-12 23:53:00,The key resistance zone to watch is $170.,0.08444320410490036,0.40328145027160645,0.5122753381729126,neutral,-0.3188382387161255
17,2018-12-12 23:53:00,"That marks the record high for WDAY, and a break above it should bring all the buyers to the yard.",0.7585718631744385,0.05290132761001587,0.18852680921554565,positive,0.7056705355644226
18,2018-12-12 23:53:00,Salesforce (NYSE: CRM ) shares fell prey to the tech stock fallout but thanks to a robust earnings report they're on the mend.,0.680290937423706,0.18082556128501892,0.13888351619243622,positive,0.49946537613868713
19,2018-12-12 23:53:00,The late-November announcement breathed new life into the ailing shares lifting CRM back above all major moving averages.,0.926884651184082,0.037166230380535126,0.03594915568828583,positive,0.8897184133529663
20,2018-12-12 23:53:00,"While CRM stock remains well off its peak, the behavior post-earnings looks promising.",0.8650357723236084,0.032529447227716446,0.1024349108338356,positive,0.8325062990188599
21,2018-12-12 23:53:00,"First, the few dips that we've seen have been shallow and short lived.",0.02860935777425766,0.041922371834516525,0.9294682741165161,neutral,-0.013313014060258865
22,2018-12-12 23:53:00,The gap area at $133 has been tested and held twice now.,0.3277161419391632,0.08676143735647202,0.585522472858429,neutral,0.2409546971321106
23,2018-12-12 23:53:00,"Second, volume patterns have shown zero signs of distribution with multiple accumulation days cropping up.",0.025073550641536713,0.028676295652985573,0.9462501406669617,neutral,-0.00360274501144886
24,2018-12-12 23:53:00,"This suggests institutions are in a buying, not selling mood.",0.1257236897945404,0.0437527634203434,0.8305234909057617,neutral,0.0819709300994873
25,2018-12-12 23:53:00,"• 10 Stocks That Can Move Higher Whatever Happens

Once resistance at $145 is finally felled, look for further upside.",0.4026012122631073,0.03597347438335419,0.5614253282546997,neutral,0.3666277527809143
26,2018-12-12 23:53:00,"Twilio (NYSE: TWLO ) rounds out today's trio with one heck of a volatile, but beautiful chart.",0.3528169095516205,0.022175686433911324,0.6250073909759521,neutral,0.3306412100791931
27,2018-12-12 23:53:00,"With the recent touch of $100, TWLO stock is up over 330% this year.",0.9469642639160156,0.01967030018568039,0.03336545079946518,positive,0.9272939562797546
28,2018-12-12 23:53:00,A brief review of its history reveals the ultimate driver of the ascent is earnings.,0.05849572271108627,0.0075741601176559925,0.9339300990104675,neutral,0.05092156305909157
29,2018-12-12 23:53:00,"Earnings growth, in particular.",0.5380151867866516,0.012670984491705894,0.44931378960609436,positive,0.52534419298172
30,2018-12-12 23:53:00,TWLO stock has scored four consecutive price jumps on its quarterly reports.,0.9351298809051514,0.02676684595644474,0.038103263825178146,positive,0.9083630442619324
31,2018-12-12 23:53:00,"Compared to the carnage elsewhere, Twilio's clear uptrend stands supreme.",0.8087093830108643,0.05794275924563408,0.13334788382053375,positive,0.7507666349411011
32,2018-12-12 23:53:00,"Though yesterday's breakout attempt over $100 failed, I suspect it's only a matter of time before the stock blows through the $100 mark.",0.3077501952648163,0.05571499466896057,0.6365348100662231,neutral,0.2520352005958557
33,2018-12-12 23:53:00,"The rising 200-day, 50-day, and 20-day moving averages are all providing potential support beneath and reflect buyers' dominance across all time frames.",0.7234019041061401,0.019899338483810425,0.2566987872123718,positive,0.7035025358200073
34,2018-12-12 23:53:00,And that makes breakouts and price dips all buyable opportunities.,0.4684222340583801,0.0600823275744915,0.4714953601360321,neutral,0.4083399176597595
35,2018-12-12 23:53:00,"As of this writing, Tyler Craig didn't hold a position in any of the aforementioned securities.",0.00991000421345234,0.02939334139227867,0.9606966376304626,neutral,-0.019483337178826332
36,2018-12-12 23:53:00,Want insightful education on how to trade?,0.15460748970508575,0.01680801622569561,0.8285845518112183,neutral,0.137799471616745
37,2018-12-12 23:53:00,"Check out his trading blog, Tales of a Technician .",0.07546620070934296,0.04735637456178665,0.8771774172782898,neutral,0.028109826147556305
38,2018-12-12 23:53:00,"• 7 Stocks to Buy Down 10% Last Week
• The 10 Best Marijuana Stocks to Buy in 2019

The post 3 Software Stocks Nearing Record Highs appeared first on InvestorPlace .",0.03703179210424423,0.9074568152427673,0.055511411279439926,negative,-0.8704250454902649
39,2018-12-12 23:53:00,"The views and opinions expressed herein are the views and opinions of the author and do not necessarily reflect those of Nasdaq, Inc.",0.010204561054706573,0.01563790813088417,0.9741575717926025,neutral,-0.005433347076177597
