,datetime,sentence,positive,negative,neutral,global_sentiment,avg_sentiment
0,2018-11-29 22:35:00,"On today's episode of the Zacks Friday Finish Line, Associate Stock Strategist Ryan McQueeney and Editor Maddy Johnson discuss the Fed's dovish turn, historic Cyber Monday sales, earnings from Salesforce and Dick's Sporting Goods, and what to expect from the G20 summit.",0.07125847786664963,0.037037141621112823,0.8917043805122375,neutral,0.034221336245536804
1,2018-11-29 22:35:00,Make sure to subscribe and leave the show a rating on Apple Podcasts !,0.055771153420209885,0.04543531686067581,0.8987935185432434,neutral,0.010335836559534073
2,2018-11-29 22:35:00,"It has been another busy week in global markets, as U.S. stocks on Wednesday posted their best trading session in eight months following Fed chair Jerome Powell's latest speech.",0.8807846307754517,0.0597294457256794,0.059485968202352524,positive,0.8210551738739014
3,2018-11-29 22:35:00,"Powell said that interest rates were just below the central bank's target, which was interpreted as a dovish turn from the ""long way off"" sentiment he had shared just months ago.",0.12589837610721588,0.7864786982536316,0.08762291818857193,negative,-0.6605803370475769
4,2018-11-29 22:35:00,This news followed reports that the Turkey 5-an Amazon-coined term for the shopping holiday from Thanksgiving through Cyber Monday-witnessed historic sales.,0.9074962139129639,0.027285361662507057,0.06521846354007721,positive,0.8802108764648438
5,2018-11-29 22:35:00,"Amazon AMZN actually announced that Cyber Monday itself was the single busiest shopping day in the company's history, while retail trade organization and data firms confirmed that the shopping holidays broke records throughout the industry.",0.5214235782623291,0.049414247274398804,0.4291621744632721,positive,0.4720093309879303
6,2018-11-29 22:35:00,"A few solid earnings reports, including that of Salesforce CRM kept this positive momentum going.",0.9287088513374329,0.03270680457353592,0.038584377616643906,positive,0.8960020542144775
7,2018-11-29 22:35:00,"The cloud software giant this week comfortably surpassed earnings estimates and raised its full-year guidance, breathing fresh life into popular tech growth stocks.",0.9326720237731934,0.024345649406313896,0.04298233985900879,positive,0.9083263874053955
8,2018-11-29 22:35:00,"Earnings were mixed for retailer Dick's Sporting Goods DKS , however.",0.034073084592819214,0.9395663142204285,0.02636059746146202,negative,-0.9054932594299316
9,2018-11-29 22:35:00,"Dick's managed to beat bottom-line estimates and raise its outlook, but total revenue and comps disappointed investors.",0.8774006962776184,0.09496434032917023,0.02763497829437256,positive,0.7824363708496094
10,2018-11-29 22:35:00,"Now, Wall Street's attention will turn to the G20 summit in Buenos Aires, where U.S. President Trump and Chinese leader Xi will meet to discuss trade tensions between the two nations.",0.15367130935192108,0.11965254694223404,0.7266761064529419,neutral,0.03401876240968704
11,2018-11-29 22:35:00,"The stakes are high for the Trump-Xi meeting, as investors have clearly declared their desire for progress to be made on ending the trade war.",0.8906609416007996,0.03012116625905037,0.07921800017356873,positive,0.8605397939682007
12,2018-11-29 22:35:00,Did these trade tensions cause the Fed to turn dovish?,0.10271745175123215,0.3510982096195221,0.5461843013763428,neutral,-0.24838075041770935
13,2018-11-29 22:35:00,Can holiday sales continue to beat expectations?,0.7170175909996033,0.04375011473894119,0.23923228681087494,positive,0.6732674837112427
14,2018-11-29 22:35:00,Will Trump and Xi find something to agree on?,0.1924440860748291,0.03957382217049599,0.7679821252822876,neutral,0.1528702676296234
15,2018-11-29 22:35:00,"Maddy and Ryan explore all of these questions, and more, only on this week's episode of Friday Finish Line!",0.03368713706731796,0.020297612994909286,0.9460152983665466,neutral,0.013389524072408676
16,2018-11-29 22:35:00,"If you feel that we missed something, or if you want us to cover a different story, shoot us an email at podcast@zacks.com.",0.022458432242274284,0.03174655884504318,0.9457950592041016,neutral,-0.009288126602768898
17,2018-11-29 22:35:00,"Make sure to check out all of our other audio content at zacks.com/podcasts , and remember to subscribe and leave us a rating on Apple Podcasts.",0.03494946286082268,0.010085425339639187,0.9549650549888611,neutral,0.024864036589860916
18,2018-11-29 22:35:00,The greatest discovery in this century of biology is now at the flashpoint between theory and realization.,0.33082816004753113,0.026583336293697357,0.6425884962081909,neutral,0.3042448163032532
19,2018-11-29 22:35:00,Billions of dollars in research have poured into it.,0.11288189888000488,0.0079217329621315,0.8791964054107666,neutral,0.10496016591787338
20,2018-11-29 22:35:00,"Companies are already generating revenue, and cures for a variety of deadly diseases are in the pipeline.",0.754408597946167,0.018451759591698647,0.2271396964788437,positive,0.7359568476676941
21,2018-11-29 22:35:00,So are big potential profits for early investors.,0.5768105387687683,0.021419210359454155,0.40177014470100403,positive,0.5553913116455078
22,2018-11-29 22:35:00,Zacks has released an updated Special Report that explains this breakthrough and names the best 3 stocks to ride it.,0.4254651367664337,0.010117444209754467,0.5644174218177795,neutral,0.415347695350647
23,2018-11-29 22:35:00,"See them today for free >>

Want the latest recommendations from Zacks Investment Research?",0.029132047668099403,0.010886811651289463,0.9599811434745789,neutral,0.018245235085487366
24,2018-11-29 22:35:00,"Today, you can download 7 Best Stocks for the Next 30 Days.",0.05069372057914734,0.007019792217761278,0.9422864317893982,neutral,0.04367392882704735
25,2018-11-29 22:35:00,"Click to get this free report

To read this article on Zacks.com click here.",0.02068457007408142,0.033159855753183365,0.9461556077003479,neutral,-0.012475285679101944
26,2018-11-29 22:35:00,"The views and opinions expressed herein are the views and opinions of the author and do not necessarily reflect those of Nasdaq, Inc.",0.010204566642642021,0.01563790813088417,0.9741575717926025,neutral,-0.005433341488242149
