,datetime,sentence,positive,negative,neutral,global_sentiment,avg_sentiment
0,2018-11-27 22:40:00,"On today's episode of Free Lunch, Ryan McQueeney discusses Fed chair Jerome Powell's upcoming speech and recaps trending news from Salesforce, Tiffany, Weibo, and Cheetah Mobile.",0.06420531868934631,0.01958337053656578,0.9162113070487976,neutral,0.04462194815278053
1,2018-11-27 22:40:00,"Later, he examines why Twitter has earned a Zacks Rank #1 (Strong Buy) designation.",0.7500067949295044,0.03637966141104698,0.21361349523067474,positive,0.7136271595954895
2,2018-11-27 22:40:00,Want more video content from Zacks?,0.05571687966585159,0.02488434873521328,0.9193987250328064,neutral,0.030832530930638313
3,2018-11-27 22:40:00,Subscribe to Zacks Investment News now!,0.052518606185913086,0.03444691374897957,0.9130344390869141,neutral,0.018071692436933517
4,2018-11-27 22:40:00,Free Lunch is presented by Zacks Investment Research.,0.04751887172460556,0.007879271171987057,0.9446018934249878,neutral,0.03963959962129593
5,2018-11-27 22:40:00,"It is streamed live, four times per week, and features breaking news and analysis from Zacks strategists.",0.022676032036542892,0.007083143573254347,0.9702408313751221,neutral,0.015592887997627258
6,2018-11-27 22:40:00,"Free Lunch is available on YouTube, Facebook Live, Twitter, Ustream, and more.",0.04144439846277237,0.014588935300707817,0.9439666867256165,neutral,0.026855463162064552
7,2018-11-27 22:40:00,"Stocks were higher in morning trading Wednesday, as investors showed tentative optimism ahead of Fed chair Jerome Powell's speech in New York later today.",0.9260880351066589,0.026872098445892334,0.0470399335026741,positive,0.8992159366607666
8,2018-11-27 22:40:00,"Powell's words will be carefully dissected by investors searching for clues on the planned pace of the Fed's rate hikes next year, which could define the direction of the market in the near future.",0.14494964480400085,0.02680531144142151,0.8282450437545776,neutral,0.11814433336257935
9,2018-11-27 22:40:00,Ryan discussed what Powell could say just moments before the speech aired.,0.08423325419425964,0.022583182901144028,0.8931835293769836,neutral,0.061650071293115616
10,2018-11-27 22:40:00,"The host also highlighted a grab bag of headlines involving Salesforce CRM , Tiffany & Co. TIF , Weibo WB , and Cheetah Mobile CMCM .",0.08264502137899399,0.10860069841146469,0.8087542653083801,neutral,-0.025955677032470703
11,2018-11-27 22:40:00,"Salesforce reported earnings yesterday, topping estimates for EPS and revenue and lifting fiscal 2019 guidance.",0.9483556747436523,0.026658566668629646,0.024985847994685173,positive,0.9216970801353455
12,2018-11-27 22:40:00,The CRM software pioneer also said it was on track to achieve revenue of at least $21 billion by fiscal 2022.,0.8867497444152832,0.013294688425958157,0.09995556622743607,positive,0.8734550476074219
13,2018-11-27 22:40:00,"Tiffany & Co., on the other hand, missed revenue estimates and issued sluggish guidance for the full year.",0.017143378034234047,0.9692903757095337,0.013566289097070694,negative,-0.9521470069885254
14,2018-11-27 22:40:00,"The jewelry company saved some face with its 10 th consecutive earnings beat, but investors were largely unimpressed, and the stock was down more than 10% in morning trading.",0.018235379830002785,0.9669274091720581,0.014837167225778103,negative,-0.9486920237541199
15,2018-11-27 22:40:00,"Chinese social media giant Weibo also reported earnings today, although the biggest story from China's digital industry related to Cheetah Mobile, an app developer that was recently accused by BuzzFeed News of committing ad fraud.",0.7642879486083984,0.13144104182720184,0.10427100956439972,positive,0.6328468918800354
16,2018-11-27 22:40:00,Cheetah Mobile has since denied the allegations and started to mount a defense campaign against the reports.,0.0753767117857933,0.49375033378601074,0.43087291717529297,negative,-0.41837361454963684
17,2018-11-27 22:40:00,"On the first half of today's show, Ryan recaps each of these headlines and provides his perspective on the day's news.",0.04426058381795883,0.01233516912907362,0.9434042572975159,neutral,0.03192541375756264
18,2018-11-27 22:40:00,"Later, he teaches viewers about the power of earnings estimate revision and the Zacks Rank by examining one major stock that recently earned a #1 (Strong Buy) designation: Twitter TWTR .",0.5005069375038147,0.02891906164586544,0.4705740511417389,positive,0.4715878665447235
19,2018-11-27 22:40:00,Make sure to check out the show to hear more!,0.07901684194803238,0.016138946637511253,0.9048442244529724,neutral,0.06287789344787598
20,2018-11-27 22:40:00,More Stock News: This Is Bigger than the iPhone!,0.3262152671813965,0.02558426558971405,0.648200511932373,neutral,0.30063098669052124
21,2018-11-27 22:40:00,It could become the mother of all technological revolutions.,0.3357715904712677,0.018597140908241272,0.6456312537193298,neutral,0.31717443466186523
22,2018-11-27 22:40:00,"Apple sold a mere 1 billion iPhones in 10 years but a new breakthrough is expected to generate more than 27 billion devices in just 3 years, creating a $1.7 trillion market.",0.5349074602127075,0.016818122938275337,0.4482743740081787,positive,0.5180893540382385
23,2018-11-27 22:40:00,Zacks has just released a Special Report that spotlights this fast-emerging phenomenon and 6 tickers for taking advantage of it.,0.21044442057609558,0.009386956691741943,0.7801685333251953,neutral,0.20105746388435364
24,2018-11-27 22:40:00,"If you don't buy now, you may kick yourself in 2020.",0.08301617205142975,0.28448015451431274,0.6325036883354187,neutral,-0.201463982462883
25,2018-11-27 22:40:00,"Click here for the 6 trades >>

Want the latest recommendations from Zacks Investment Research?",0.02286970056593418,0.016098618507385254,0.9610316753387451,neutral,0.006771082058548927
26,2018-11-27 22:40:00,"Today, you can download 7 Best Stocks for the Next 30 Days.",0.05069372057914734,0.007019792217761278,0.9422864317893982,neutral,0.04367392882704735
27,2018-11-27 22:40:00,"Click to get this free report

To read this article on Zacks.com click here.",0.020684564486145973,0.03315984085202217,0.9461556077003479,neutral,-0.012475276365876198
28,2018-11-27 22:40:00,"The views and opinions expressed herein are the views and opinions of the author and do not necessarily reflect those of Nasdaq, Inc.",0.010204561054706573,0.01563790813088417,0.9741575717926025,neutral,-0.005433347076177597
