,datetime,sentence,positive,negative,neutral,global_sentiment,avg_sentiment
0,2018-11-26 22:41:00,"On today's episode of Free Lunch, Ryan McQueeney recaps news coming from President Trump, the Fed, Amazon, Disney, and Spirit Airlines.",0.07120607048273087,0.016853326931595802,0.9119406342506409,neutral,0.05435274541378021
1,2018-11-26 22:41:00,"Later, he speaks with Dave Bartosiak about the market implications of the G20 forum and the earnings outlook for Salesforce.",0.05700136348605156,0.017081081867218018,0.9259175062179565,neutral,0.03992028161883354
2,2018-11-26 22:41:00,Want more video content from Zacks?,0.05571687966585159,0.02488434873521328,0.9193987250328064,neutral,0.030832530930638313
3,2018-11-26 22:41:00,Subscribe to Zacks Investment News now!,0.052518606185913086,0.03444691374897957,0.9130344390869141,neutral,0.018071692436933517
4,2018-11-26 22:41:00,Free Lunch is presented by Zacks Investment Research.,0.04751887172460556,0.007879271171987057,0.9446018934249878,neutral,0.03963959962129593
5,2018-11-26 22:41:00,"It is streamed live, four times per week, and features breaking news and analysis from Zacks strategists.",0.022676032036542892,0.007083143573254347,0.9702408313751221,neutral,0.015592887997627258
6,2018-11-26 22:41:00,"Free Lunch is available on YouTube, Facebook Live, Twitter, Ustream, and more.",0.04144439846277237,0.014588935300707817,0.9439666867256165,neutral,0.026855463162064552
7,2018-11-26 22:41:00,"U.S. stocks were mixed in morning trading Tuesday, as Wall Street heard varying reports on at least a pair of its most pressing headwinds.",0.041327424347400665,0.9373947978019714,0.021277831867337227,negative,-0.8960673809051514
8,2018-11-26 22:41:00,President Trump said today that he would not back down from additional tariffs on Chinese goods if talks with the Asian economic behemoth do not produce a deal.,0.21048493683338165,0.6818137168884277,0.10770134627819061,negative,-0.4713287949562073
9,2018-11-26 22:41:00,"There is still hope that the sides can muster an agreement, with officials set to meet at this week's G20 summit, but Trump is apparently not backing down from the threat of new tariffs in 2019.",0.475320041179657,0.446937620639801,0.07774223387241364,positive,0.028382420539855957
10,2018-11-26 22:41:00,"On the other hand, investors got some potentially encouraging news from Richard Clarida, the new vice chairman of the Fed.",0.807500958442688,0.020028986036777496,0.1724700778722763,positive,0.7874719500541687
11,2018-11-26 22:41:00,"Clarida mentioned this morning that although additional rate hikes are still necessary, rates are ""just below"" long-running estimates.",0.13406437635421753,0.6778243184089661,0.18811127543449402,negative,-0.5437599420547485
12,2018-11-26 22:41:00,"This suggests the Fed is closer to its monetary policy target than some thought, which could mean a slowdown in hikes next year.",0.26763179898262024,0.5202467441558838,0.21212148666381836,negative,-0.25261494517326355
13,2018-11-26 22:41:00,"Elsewhere, Amazon AMZN , Spirit Airlines SAVE , and Disney DIS were grabbing Wall Street's attention this morning.",0.2784532904624939,0.08012854307889938,0.6414181590080261,neutral,0.19832473993301392
14,2018-11-26 22:41:00,"Amazon announced that Cyber Monday was the biggest shopping day in its history and that the ""Turkey 5,"" the stretch from Thanksgiving through Cyber Monday, was significantly busier than last year.",0.24107474088668823,0.6315590739250183,0.12736618518829346,negative,-0.3904843330383301
15,2018-11-26 22:41:00,"Spirit Airlines shares skyrocketed after the budget airline raised its Q4 guidance for revenue per available seat mile, citing its non-ticket revenue initiatives as the key reason for its upbeat outlook.",0.9352079033851624,0.02947314828634262,0.03531892970204353,positive,0.9057347774505615
16,2018-11-26 22:41:00,"Disney saw a nice analyst note from Imperial Capital, which raised its rating and price target for the media and entertainment conglomerate on the hopes that 2020 will mark a new era of gains for Disney.",0.9313215613365173,0.017909839749336243,0.05076850578188896,positive,0.9134117364883423
17,2018-11-26 22:41:00,"On the first half of today's show, Ryan recaps each of these headlines and provides his perspective on the day's news.",0.04426058381795883,0.01233516912907362,0.9434042572975159,neutral,0.03192541375756264
18,2018-11-26 22:41:00,"Later, he is joined by Zacks Strategist Dave Bartosiak to continue the conversation about the G20 and to preview Salesforce's CRM upcoming earnings report.",0.08588740974664688,0.011577729135751724,0.9025347828865051,neutral,0.07430967688560486
19,2018-11-26 22:41:00,"What is the G20 meeting, and why are investors so anxious about it this year?",0.03920352831482887,0.0756988599896431,0.8850975632667542,neutral,-0.036495331674814224
20,2018-11-26 22:41:00,Will we hear more about U.S-China relations or tensions with Saudi Arabia this week?,0.02858901396393776,0.02929912693798542,0.9421118497848511,neutral,-0.0007101129740476608
21,2018-11-26 22:41:00,What should investors expect from Salesforce this quarter?,0.03990764170885086,0.013534684665501118,0.9465576410293579,neutral,0.026372957974672318
22,2018-11-26 22:41:00,"Ryan and Dave explore all of these questions, and more, only on today's episode of Free Lunch!",0.03104320354759693,0.019634971395134926,0.9493218064308167,neutral,0.011408232152462006
23,2018-11-26 22:41:00,"The Hottest Tech Mega-Trend of All

Last year, it generated $8 billion in global revenues.",0.8233587145805359,0.015582907944917679,0.16105839610099792,positive,0.8077757954597473
24,2018-11-26 22:41:00,"By 2020, it's predicted to blast through the roof to $47 billion.",0.23545314371585846,0.11051791906356812,0.6540289521217346,neutral,0.12493522465229034
25,2018-11-26 22:41:00,"Famed investor Mark Cuban says it will produce ""the world's first trillionaires,"" but that should still leave plenty of money for regular investors who make the right trades early.",0.7029615044593811,0.025822270661592484,0.2712162435054779,positive,0.6771392226219177
26,2018-11-26 22:41:00,"See Zacks' 3 Best Stocks to Play This Trend >>

Want the latest recommendations from Zacks Investment Research?",0.027691606432199478,0.009449935518205166,0.9628584980964661,neutral,0.018241669982671738
27,2018-11-26 22:41:00,"Today, you can download 7 Best Stocks for the Next 30 Days.",0.05069372057914734,0.007019792217761278,0.9422864317893982,neutral,0.04367392882704735
28,2018-11-26 22:41:00,"Click to get this free report

To read this article on Zacks.com click here.",0.020684564486145973,0.03315984085202217,0.9461556077003479,neutral,-0.012475276365876198
29,2018-11-26 22:41:00,"The views and opinions expressed herein are the views and opinions of the author and do not necessarily reflect those of Nasdaq, Inc.",0.010204561054706573,0.01563790813088417,0.9741575717926025,neutral,-0.005433347076177597
