,datetime,sentence,positive,negative,neutral,global_sentiment,avg_sentiment
0,2018-10-22 23:55:00,It's here.,0.21181811392307281,0.011876776814460754,0.7763051390647888,neutral,0.19994133710861206
1,2018-10-22 23:55:00,"We're now entering the thick of earnings season, with more companies scheduled to report their numbers this week than any other week of the quarter.",0.46742597222328186,0.04650032892823219,0.48607373237609863,neutral,0.42092564702033997
2,2018-10-22 23:55:00,And an already-volatile time of year is made even more volatile this time around as investors start to wonder if the recent earnings growth pace can be sustained.,0.24895235896110535,0.6507673263549805,0.10028033703565598,negative,-0.4018149673938751
3,2018-10-22 23:55:00,"Even the bluest of the blue-chip stocks aren't immune price jolts, if the right headlines catch investors' attention in the right way.",0.16895541548728943,0.10574225336313248,0.7253023982048035,neutral,0.06321316212415695
4,2018-10-22 23:55:00,"Not all volatility has to be bad volatility, however.",0.01979869417846203,0.03680349886417389,0.9433977603912354,neutral,-0.01700480468571186
5,2018-10-22 23:55:00,"Sometimes, earnings news can push a stock firmly higher without any warning.",0.3841264247894287,0.27202245593070984,0.34385111927986145,positive,0.11210396885871887
6,2018-10-22 23:55:00,"To that end, here's a run-down of the top 10 blue-chip stocks to buy for investors willing to take a bit of a gamble on an earnings-driven pop.",0.08601993322372437,0.49754294753074646,0.4164370596408844,negative,-0.4115230143070221
7,2018-10-22 23:55:00,"• 7 Growth Stocks That Could Be Derailed Soon

Obviously there are never any guarantees, but in all 10 cases there's either a history or a special situation (if not both) that suggests an earnings bump may be in the cards.",0.10836009681224823,0.1078047975897789,0.7838351130485535,neutral,0.0005552992224693298
8,2018-10-22 23:55:00,Salesforce.com (NYSE: CRM ) isn't a cheap stock by anybody's standards.,0.022500215098261833,0.07001856714487076,0.9074812531471252,neutral,-0.047518350183963776
9,2018-10-22 23:55:00,"Even on a forward-looking basis, the forward P/E of 52 is tough to swallow.",0.0877809002995491,0.27747103571891785,0.6347480416297913,neutral,-0.18969014286994934
10,2018-10-22 23:55:00,"This is a name, however, where the valuation just hasn't mattered.",0.02865104377269745,0.02648049220442772,0.9448684453964233,neutral,0.0021705515682697296
11,2018-10-22 23:55:00,It has been all about the growth story and its reliability.,0.05401526764035225,0.007375125307589769,0.9386095404624939,neutral,0.04664014279842377
12,2018-10-22 23:55:00,"The top line is projected to grow more than 25% this year, and more than 20% next year, with even faster earnings growth in the cards.",0.9441842436790466,0.015424677170813084,0.04039096087217331,positive,0.9287595748901367
13,2018-10-22 23:55:00,"And, Salesforce.com hasn't failed to beat a quarterly earnings estimate in years .",0.8876878023147583,0.07590834051370621,0.036403924226760864,positive,0.8117794394493103
14,2018-10-22 23:55:00,"In that light, Bret Kenwell was right on Monday when he explained the 13% pullback that CRM stock has made since its record high from four weeks ago (the biggest correction ithas suffered in years) is a gift to investors who've been biding their time.",0.7873620986938477,0.07450395822525024,0.1381339430809021,positive,0.7128581404685974
15,2018-10-22 23:55:00,It's almost a little bit cliche to name the world's biggest and most profitable companies - as well as a consistently-growing company - to a list of blue-chip stocks that should see a bit of a bump on the heels of yet-another solid earnings report.,0.5644925832748413,0.10816793143749237,0.3273395001888275,positive,0.45632463693618774
16,2018-10-22 23:55:00,"But, Apple (NASDAQ: AAPL ) is a name that you don't want to bet against.",0.04827072471380234,0.0389188751578331,0.9128103852272034,neutral,0.009351849555969238
17,2018-10-22 23:55:00,"The past couple of earnings reports created particularly strong, bullish responses.",0.9002854824066162,0.018637068569660187,0.08107747882604599,positive,0.8816484212875366
18,2018-10-22 23:55:00,"AAPL stock jumped 6% on Aug. 1 following the release of its fiscal Q3 numbers , and it was up more than 4% on May 2 on the heels of its fiscal Q2 report .",0.9453615546226501,0.02310490421950817,0.03153354302048683,positive,0.9222566485404968
19,2018-10-22 23:55:00,"And more than that, both earnings reports ultimately prompted what's become a 30% gain since early May.",0.9432576298713684,0.01926257647573948,0.03747973218560219,positive,0.9239950776100159
20,2018-10-22 23:55:00,Apple will post its fiscal Q4 results on Nov. 1.,0.033511098474264145,0.006897467188537121,0.9595913887023926,neutral,0.02661363035440445
21,2018-10-22 23:55:00,Herbalife Nutrition (NYSE: HLF ) is one of those names that has severely punished anyone who bet against it in front of recent earnings reports.,0.045249853283166885,0.8908493518829346,0.063900887966156,negative,-0.8455994725227356
22,2018-10-22 23:55:00,"Granted, the post-earnings pops are short-lived events.",0.025278067216277122,0.23126700520515442,0.7434549331665039,neutral,-0.20598894357681274
23,2018-10-22 23:55:00,The stock ultimately ended up moving lower than it was right before the company released its quarterly numbers in early May and early August.,0.020098118111491203,0.9579218626022339,0.02197999693453312,negative,-0.9378237724304199
24,2018-10-22 23:55:00,"But, what a ride while it lasted!",0.2976984977722168,0.08242863416671753,0.6198728680610657,neutral,0.21526986360549927
25,2018-10-22 23:55:00,"The specifics: HLF stock surged 4.4% on May 4, and was up 13% on Aug. 3, following its prior two earnings reports … and was also up a little more two days after their last two earnings releases.",0.946263313293457,0.022788671776652336,0.03094804286956787,positive,0.9234746694564819
26,2018-10-22 23:55:00,"That, however, was about as far as the post-earnings bullishness went.",0.1073707863688469,0.44382229447364807,0.44880688190460205,neutral,-0.3364515006542206
27,2018-10-22 23:55:00,"Herbalife has managed to beat its earnings estimates for three straight quarters now, and will hopefully make it four in a row come Oct. 30.",0.9459959864616394,0.027603156864643097,0.026400823146104813,positive,0.9183928370475769
28,2018-10-22 23:55:00,Becton Dickinson (NYSE: BDX ) isn't exactly a household name.,0.03382767736911774,0.062134403735399246,0.9040379524230957,neutral,-0.02830672636628151
29,2018-10-22 23:55:00,"Though it sports a market cap of $61 billion, the medical equipment company just doesn't turn many heads.",0.024831797927618027,0.10167010873556137,0.8734980821609497,neutral,-0.07683831453323364
30,2018-10-22 23:55:00,"But, maybe it should.",0.19711588323116302,0.12599657475948334,0.676887571811676,neutral,0.07111930847167969
31,2018-10-22 23:55:00,"The company has topped quarterly earnings estimates in years, and hasn't failed to grow them in years.",0.9236873388290405,0.020579051226377487,0.05573359504342079,positive,0.9031082987785339
32,2018-10-22 23:55:00,"That said, know that BDX stock isn't one that normally takes flight immediately after better-than-expected reports of earnings growth.",0.5310500264167786,0.04274025186896324,0.4262097477912903,positive,0.488309770822525
33,2018-10-22 23:55:00,"But, down 7% just since the end of last month, Becton Dickinson could be ripe for a news-based reversal.",0.05610145255923271,0.9221590757369995,0.02173953503370285,negative,-0.8660576343536377
34,2018-10-22 23:55:00,AbbVie (NYSE: ABBV ) has been a little more hit-and-miss following the delivery of quarterly reports of late … and arguably more miss than hit.,0.04392647370696068,0.8996182084083557,0.0564553365111351,negative,-0.8556917309761047
35,2018-10-22 23:55:00,"The stock's down 34% from its February high, and hasn't always responded well to the company's earnings news.",0.020078882575035095,0.963205873966217,0.01671520434319973,negative,-0.9431269764900208
36,2018-10-22 23:55:00,"The company itself, however, has done everything it's supposed to do … and more.",0.36184537410736084,0.010469433851540089,0.6276851892471313,neutral,0.351375937461853
37,2018-10-22 23:55:00,"Decided year-over-year earnings growth is the norm in every quarter, and AbbVie hasn't failed to top a quarterly earnings estimate in years.",0.8943777680397034,0.03906454145908356,0.0665576234459877,positive,0.855313241481781
38,2018-10-22 23:55:00,"Better still, sales of its lymphoma drug Imbruvica are still in ramp-up mode after winning approval for new indications, growing 35% during the second quarter to $850 million.",0.9465644955635071,0.017174609005451202,0.036260951310396194,positive,0.9293898940086365
39,2018-10-22 23:55:00,"The company anticipates peak sales of $7 billion for Imbruvica , leaving the company plenty of room to keep growing its top and bottom lines despite its Humira headwind.",0.9368939995765686,0.017789337784051895,0.0453166738152504,positive,0.9191046357154846
40,2018-10-22 23:55:00,"All of a sudden the stock's big pullback this year looks like an opportunity, underscored by a forward-looking P/E of only 9.3.",0.7843784689903259,0.04996161907911301,0.1656598597764969,positive,0.7344168424606323
41,2018-10-22 23:55:00,"The advent of the Affordable Care Act may have flooded UnitedHealth Group (NYSE: UNH ) with revenue-bearing customers, but this business wasn't necessarily profitable.",0.21094799041748047,0.6043999195098877,0.18465213477611542,negative,-0.3934519290924072
42,2018-10-22 23:55:00,"Though revenue has grown every quarter since 2012 , net income has been flat, and occasionally negative on a year-over-year basis.",0.01781555637717247,0.9492285251617432,0.032955899834632874,negative,-0.9314129948616028
43,2018-10-22 23:55:00,"That is, until 2016 when the health insurer started to drop participation in ACA exchanges in more and more states.",0.015568606555461884,0.9354870915412903,0.04894440993666649,negative,-0.9199184775352478
44,2018-10-22 23:55:00,It turned out to be the right move .,0.5843026638031006,0.018880164250731468,0.3968172073364258,positive,0.5654224753379822
45,2018-10-22 23:55:00,"And now, President Donald Trump's version of what healthcare should look like in the United States could prove even more beneficial to the company .",0.7936601638793945,0.013872389681637287,0.19246740639209747,positive,0.7797877788543701
46,2018-10-22 23:55:00,"Thing is, most investors have yet to take a good long look at how well UnitedHealth is growing again.",0.42359963059425354,0.019601358100771904,0.5567989945411682,neutral,0.4039982855319977
47,2018-10-22 23:55:00,"Revenue is on pace to grow 12% this year , driving a 27% increase in per-share profits.",0.95596843957901,0.01893974095582962,0.02509179711341858,positive,0.937028706073761
48,2018-10-22 23:55:00,"• 7 Momentum Stocks to Scrape From the Bottom

Though the company won't post its next quarterly report until January, it may be worth the wait if that's when the market finally realizes what's going on.1

Curiously, Adobe (NASDAQ: ADBE ) shares have not responded favorably to any of the company recent quarterly reports … a strange outcome in light of the fact that revenue and earnings have both been growing like crazy since 2015.",0.07547681778669357,0.8664628267288208,0.058060385286808014,negative,-0.7909860014915466
49,2018-10-22 23:55:00,"The organization has developed an entire suite of cloud-based business tools, and the world loves them.",0.542444109916687,0.010377691127359867,0.4471782147884369,positive,0.5320664048194885
50,2018-10-22 23:55:00,Take a closer look at the stock's chart though.,0.03443165868520737,0.01538555696606636,0.9501827955245972,neutral,0.019046101719141006
51,2018-10-22 23:55:00,"While ADBE stock often peels back following an earnings report, the bigger-picture trend is still bullish.",0.5910449624061584,0.1677704155445099,0.24118460714817047,positive,0.42327454686164856
52,2018-10-22 23:55:00,"Adobe shares are up more than 200% since their early 2016 low, and despite the pullback from their peak early last month, the bigger trend is still a bullish one.",0.94283527135849,0.022445406764745712,0.03471926227211952,positive,0.9203898906707764
53,2018-10-22 23:55:00,"It may take a while for Adobe stock to respond bullishly to a positive earnings report, but it will likely be worth the wait.",0.888860285282135,0.021536795422434807,0.08960293978452682,positive,0.8673235177993774
54,2018-10-22 23:55:00,Boeing (NYSE: BA ) shares don't have much of a history of jumping following quarterly earnings reports.,0.028379477560520172,0.09714008122682571,0.8744804859161377,neutral,-0.06876060366630554
55,2018-10-22 23:55:00,"In fact, BA stock doesn't have much of a bullish history at all for the past several months.",0.020907042548060417,0.024264607578516006,0.9548283219337463,neutral,-0.0033575650304555893
56,2018-10-22 23:55:00,The current price of $347 is right where the stock was back in February.,0.07254476100206375,0.027768978849053383,0.8996862769126892,neutral,0.04477578401565552
57,2018-10-22 23:55:00,Shares just can't get airborne.,0.049692898988723755,0.2158764898777008,0.7344306111335754,neutral,-0.16618359088897705
58,2018-10-22 23:55:00,Something has changed for the better though.,0.3046770691871643,0.0785105749964714,0.6168123483657837,neutral,0.2261664867401123
59,2018-10-22 23:55:00,"That is, the perception of Boeing's future is much brighter than it was just a few quarters ago.",0.6402326822280884,0.017372658476233482,0.34239470958709717,positive,0.6228600144386292
60,2018-10-22 23:55:00,"With its most recent passenger jet market outlook, Boeing opined that the airline industry would need to take delivery of more than 42,000 aircraft over the course of the next 20 years to meet the demand stemming from an annualized increase 4.7% in air travel for the same timeframe.",0.8604757189750671,0.05116517096757889,0.08835917711257935,positive,0.8093105554580688
61,2018-10-22 23:55:00,"Better yet, investors are starting to understand how Boeing fits into the picture.",0.42773202061653137,0.011436071246862411,0.5608319044113159,neutral,0.41629594564437866
62,2018-10-22 23:55:00,"It's still the preferred provider of the world's passenger jets, setting the stage for a bullish response to proof that it's growing.",0.9259019494056702,0.019051652401685715,0.05504637956619263,positive,0.906850278377533
63,2018-10-22 23:55:00,"The company will get another chance to prove it on Oct. 24, when it's expected to post its quarterly results.",0.852165162563324,0.015830373391509056,0.1320044845342636,positive,0.836334764957428
64,2018-10-22 23:55:00,"It's often left out of the discussion about the broad technology market, as it doesn't make the microprocessors, graphics cards and memory chips that dominate the landscape.",0.019488055258989334,0.0817374512553215,0.8987744450569153,neutral,-0.06224939599633217
65,2018-10-22 23:55:00,Don't let the lack of attention fool you though.,0.05513840541243553,0.05492637678980827,0.8899352550506592,neutral,0.0002120286226272583
66,2018-10-22 23:55:00,"Texas Instruments (NASDAQ: TXN ) is as much of a tech name as any other player, supplying many of the less-touted components that are still just as necessary to make the Internet of Things and artificial intelligence work.",0.5436883568763733,0.015555146150290966,0.44075649976730347,positive,0.52813321352005
67,2018-10-22 23:55:00,"TXN stock doesn't necessarily bolt higher in response to earnings reports; it very much does its own thing, with bad news or good.",0.18861965835094452,0.024849165230989456,0.7865311503410339,neutral,0.16377049684524536
68,2018-10-22 23:55:00,"But, down more than 15% just since August's high, the earnings news due after the closing bell rings on Oct. 23 may remind the market that the company has topped estimates in eleven of its prior twelve quarters.",0.29104262590408325,0.6793381571769714,0.029619166627526283,negative,-0.3882955312728882
69,2018-10-22 23:55:00,Tuesday's could be the thirteenth.,0.05982154607772827,0.09343340247869492,0.8467450141906738,neutral,-0.033611856400966644
70,2018-10-22 23:55:00,"Finally, the industry be old, but railroading is still relevant.",0.06158158555626869,0.014157763682305813,0.9242606163024902,neutral,0.047423820942640305
71,2018-10-22 23:55:00,That's why CSX (NASDAQ: CSX ) is one of the few blue-chip stocks to buy for traders looking to juice their portfolio.,0.16355307400226593,0.015124508179724216,0.8213224411010742,neutral,0.1484285593032837
72,2018-10-22 23:55:00,"Yes, the meltdown of oil and coal prices a couple of years back proved problematic.",0.04825180396437645,0.7620988488197327,0.18964940309524536,negative,-0.7138470411300659
73,2018-10-22 23:55:00,This year has been a different story though.,0.0537039190530777,0.030525989830493927,0.9157701134681702,neutral,0.02317792922258377
74,2018-10-22 23:55:00,"With the United States now the world's biggest producer of crude and coal at least making some sort of comeback, this year's rail traffic in the U.S. is as robust as it has been in four years .",0.9423965215682983,0.020929943770170212,0.036673516035079956,positive,0.921466588973999
75,2018-10-22 23:55:00,"That bodes well for CSX, which has not only topped earnings estimates in each of its past four quarters, but has logged outstanding earnings growth.",0.9426670074462891,0.016605952754616737,0.04072703793644905,positive,0.9260610342025757
76,2018-10-22 23:55:00,"The bottom line is expected to grow 66% this year, and keep growing next year.",0.9109414219856262,0.014947695657610893,0.07411087304353714,positive,0.895993709564209
77,2018-10-22 23:55:00,"CSX stock has pulled back since last week's third-quarter release , and won't report again until January.",0.022691618651151657,0.9426461458206177,0.034662239253520966,negative,-0.9199545383453369
78,2018-10-22 23:55:00,"It's one of those names, though, that could be worth the wait.",0.10098884999752045,0.04243186488747597,0.8565793037414551,neutral,0.05855698511004448
79,2018-10-22 23:55:00,"This company is quietly standing in the middle of the economic revival, even if few people have taken notice yet.",0.6230108141899109,0.01655164361000061,0.3604375422000885,positive,0.6064591407775879
80,2018-10-22 23:55:00,"As of this writing, James Brumley did not hold a position in any of the aforementioned securities.",0.009174379520118237,0.0268092043697834,0.9640164375305176,neutral,-0.01763482391834259
81,2018-10-22 23:55:00,"You can follow him on Twitter , at @jbrumley.",0.06920740753412247,0.041848208755254745,0.8889443874359131,neutral,0.02735919877886772
82,2018-10-22 23:55:00,"• 7 Momentum Stocks to Scrape From the Bottom
• 5 Low-Priced Biotech Stocks to Take Advantage of the Market Rout
• The 3 Best Stocks to Short on the Street

The post 10 Blue-Chip Stocks to Buy for an Earnings Bump appeared first on InvestorPlace .",0.49238911271095276,0.1444103866815567,0.36320045590400696,positive,0.34797871112823486
83,2018-10-22 23:55:00,"The views and opinions expressed herein are the views and opinions of the author and do not necessarily reflect those of Nasdaq, Inc.",0.010204561054706573,0.01563790813088417,0.9741575717926025,neutral,-0.005433347076177597
