,datetime,sentence,positive,negative,neutral,global_sentiment,avg_sentiment
0,2018-08-30 07:54:00,"In spite of worries over global tariff wars, the stock market made new highs this week.",0.9088529348373413,0.041273973882198334,0.04987315461039543,positive,0.8675789833068848
1,2018-08-30 07:54:00,"Momentum stocks are soaring and, most notably, Amazon (NASDAQ: AMZN ) recently crossed $2000 per share.",0.9202413558959961,0.02660597302019596,0.053152721375226974,positive,0.8936353921890259
2,2018-08-30 07:54:00,"This morning, Salesforce (NYSE: CRM ) is going the wrong way - down 3% - as knee-jerk traders react to earnings.",0.0217499528080225,0.9678171277046204,0.010432979092001915,negative,-0.9460671544075012
3,2018-08-30 07:54:00,But therein lies the opportunity.,0.47555333375930786,0.022949539124965668,0.5014971494674683,neutral,0.4526037871837616
4,2018-08-30 07:54:00,"For Salesforce stock, this is a technical setback, not a fundamental problem.",0.03060419298708439,0.8697870969772339,0.09960868954658508,negative,-0.8391829133033752
5,2018-08-30 07:54:00,"Salesforce's chart was on a steep rise, which created a sharp rising wedge.",0.7036131024360657,0.18416094779968262,0.11222587525844574,positive,0.5194521546363831
6,2018-08-30 07:54:00,Those tend to break down to relieve pressure.,0.15765701234340668,0.08030135184526443,0.7620416879653931,neutral,0.07735566049814224
7,2018-08-30 07:54:00,These are the bulls testing the footing below before they use the necklines as support for further upside movement.,0.31859856843948364,0.1157199889421463,0.5656814575195312,neutral,0.20287857949733734
8,2018-08-30 07:54:00,"As they say, nothing rises forever.",0.10982115566730499,0.04827747121453285,0.841901421546936,neutral,0.06154368445277214
9,2018-08-30 07:54:00,CRM is a momentum stock that usually over-delivers on promises.,0.12978525459766388,0.28424468636512756,0.5859700441360474,neutral,-0.15445943176746368
10,2018-08-30 07:54:00,"Last night, Salesforce guided softer profitability for the third quarter.",0.019008973613381386,0.9699806571006775,0.01101033017039299,negative,-0.9509716629981995
11,2018-08-30 07:54:00,A small miss on profitability guidance is nothing to fret.,0.030546700581908226,0.33509719371795654,0.6343560814857483,neutral,-0.30455049872398376
12,2018-08-30 07:54:00,Salesforce stock is headed higher for as long as it delivers on growth.,0.9306278824806213,0.019242430105805397,0.050129618495702744,positive,0.9113854765892029
13,2018-08-30 07:54:00,"• 4 Tech Stocks That Are Running Hot (and 4 That Are Cooling Down)

Salesforce has mainstreamed the use of the cloud and remains the dominant force in it.",0.4016588032245636,0.028213296085596085,0.5701278448104858,neutral,0.3734455108642578
14,2018-08-30 07:54:00,The cloud is where all other companies are chasing.,0.08538086712360382,0.060851965099573135,0.8537671566009521,neutral,0.024528902024030685
15,2018-08-30 07:54:00,We reward companies like Adobe (NASDAQ: ADBE ) and Microsoft (NASDAQ: MSFT ) to have made the transition into CRM's model.,0.7574019432067871,0.011551235802471638,0.2310468703508377,positive,0.745850682258606
16,2018-08-30 07:54:00,So punishing the stock today on one soft guidance is wrong.,0.05046667158603668,0.7834334969520569,0.16609980165958405,negative,-0.7329668402671814
17,2018-08-30 07:54:00,CRM stock moves fast because it is a hyper-growth company so a miss on the bottom line is normal.,0.5986400842666626,0.055889006704092026,0.3454708755016327,positive,0.5427510738372803
18,2018-08-30 07:54:00,"As long as growth is on tap, I don't mind a few setbacks on the bottom line.",0.045439910143613815,0.04820507392287254,0.906355082988739,neutral,-0.002765163779258728
19,2018-08-30 07:54:00,It's supposed to burn cash to grow fast.,0.3397163152694702,0.013363301753997803,0.646920382976532,neutral,0.3263530135154724
20,2018-08-30 07:54:00,"Especially when, in this case, management identifies the cause as spikes in some operational expenses.",0.04486170783638954,0.5583299994468689,0.3968082666397095,negative,-0.5134682655334473
21,2018-08-30 07:54:00,These are problems they can fix in mere weeks.,0.16108375787734985,0.08698005974292755,0.7519361972808838,neutral,0.0741036981344223
22,2018-08-30 07:54:00,"If you shorted Amazon's stock based on profitability, you'd have lost your fortunes all the way up to $2,000 per share.",0.024916116148233414,0.939391553401947,0.035692330449819565,negative,-0.9144754409790039
23,2018-08-30 07:54:00,"Since stocks are at all-time highs, I will not risk $150 per share to buy CRM stock with no room for error.",0.11782380938529968,0.01007241103798151,0.872103750705719,neutral,0.10775139927864075
24,2018-08-30 07:54:00,"Instead, I use options where I can create a buffer between the current price and my level of risk.",0.15541990101337433,0.010956200771033764,0.8336238861083984,neutral,0.1444637030363083
25,2018-08-30 07:54:00,"Once I see stabilization, I will buy December calls to bet on the long-term upside.",0.12907692790031433,0.013142830692231655,0.8577802777290344,neutral,0.1159340962767601
26,2018-08-30 07:54:00,"Fundamentally, CRM is not cheap since it sells at a 168 price-earnings (P/E) ratio.",0.03969329223036766,0.13934168219566345,0.820965051651001,neutral,-0.0996483862400055
27,2018-08-30 07:54:00,So today's trade is merely a bet on price action.,0.02616010420024395,0.01707400754094124,0.9567659497261047,neutral,0.009086096659302711
28,2018-08-30 07:54:00,"Momentum stocks like Salesforce almost never give us clear entry points, but I don't want to sit on the sidelines.",0.04231187701225281,0.15712325274944305,0.8005648255348206,neutral,-0.11481137573719025
29,2018-08-30 07:54:00,"Technically, the rising wedge leaves downside room to $142.",0.46900245547294617,0.15291298925876617,0.3780845105648041,positive,0.3160894513130188
30,2018-08-30 07:54:00,And I see a months-old pivot support around $135 per share.,0.7412136197090149,0.030057331547141075,0.22872906923294067,positive,0.7111563086509705
31,2018-08-30 07:54:00,Think of these as rubber bands and not as hard lines in the sand.,0.04052838310599327,0.01999911479651928,0.939472496509552,neutral,0.02052926830947399
32,2018-08-30 07:54:00,Using options is perfect to set a bullish trade with room to breathe.,0.3752882480621338,0.06269844621419907,0.5620133280754089,neutral,0.3125897943973541
33,2018-08-30 07:54:00,The Trade: Sell CRM Jan 2019 $125 naked put and collect $2 to open.,0.020523615181446075,0.014503615908324718,0.9649727940559387,neutral,0.006019999273121357
34,2018-08-30 07:54:00,Here I have an 85% theoretical chance that I would retain maximum gains.,0.6042019724845886,0.03016374073922634,0.3656342625617981,positive,0.5740382075309753
35,2018-08-30 07:54:00,"But if the price falls below my strike, I own the shares and would suffer losses below $123.",0.03288985416293144,0.5839478969573975,0.383162260055542,negative,-0.5510580539703369
36,2018-08-30 07:54:00,Selling naked puts carries big risk especially for a momentum stock like CRM especially when equities are at all time highs.,0.2739610970020294,0.04767391458153725,0.6783649921417236,neutral,0.22628718614578247
37,2018-08-30 07:54:00,"For those who want to mitigate it, they can sell a spread instead.",0.07147032022476196,0.013161992654204369,0.9153676629066467,neutral,0.058308325707912445
38,2018-08-30 07:54:00,"The Alternate Trade: Sell the CRM Jan 2019 $130/$125 credit put spread where I have about the same odds of winning, but with much smaller risk.",0.07767532020807266,0.015639644116163254,0.9066849946975708,neutral,0.06203567609190941
39,2018-08-30 07:54:00,Yet the spread would yield 15% if successful.,0.5002584457397461,0.011472434736788273,0.4882690906524658,positive,0.4887860119342804
40,2018-08-30 07:54:00,Click here for more of my market thesis and get an ongoing free copy of my weekly newsletters.,0.02293780818581581,0.013258793391287327,0.9638033509254456,neutral,0.009679014794528484
41,2018-08-30 07:54:00,Nicolas Chahine is the managing director of SellSpreads.com .,0.016307199373841286,0.009209631942212582,0.9744831323623657,neutral,0.007097567431628704
42,2018-08-30 07:54:00,"As of this writing, he did not hold a position in any of the aforementioned securities.",0.009080321528017521,0.02340867556631565,0.9675110578536987,neutral,-0.01432835403829813
43,2018-08-30 07:54:00,You can follow him as @racernic on twitter and stocktwits .,0.06448649615049362,0.04394841566681862,0.8915650248527527,neutral,0.020538080483675003
44,2018-08-30 07:54:00,"• 5 Healthcare Stocks That Are Down, But Not Out!",0.036658015102148056,0.8106302618980408,0.15271174907684326,negative,-0.7739722728729248
45,2018-08-30 07:54:00,"• 7 Best Restaurant Stocks to Bite Into Today
• 8 Cheap Stocks That Cost Less Than $10

The post The Market Is Wrong - Salesforce Stock Is Headed Higher appeared first on InvestorPlace .",0.29670965671539307,0.10456717014312744,0.5987231135368347,neutral,0.19214248657226562
46,2018-08-30 07:54:00,"The views and opinions expressed herein are the views and opinions of the author and do not necessarily reflect those of Nasdaq, Inc.",0.010204566642642021,0.01563790813088417,0.9741575717926025,neutral,-0.005433341488242149
