,datetime,sentence,positive,negative,neutral,global_sentiment,avg_sentiment
0,2018-08-23 22:54:00,Earnings season pretty much has come to an end and it's been a good one.,0.5977773666381836,0.047172661870718,0.3550499677658081,positive,0.5506047010421753
1,2018-08-23 22:54:00,There have been a couple of stumbles - perhaps most prominently Facebook (NASDAQ: FB ) and Twitter (NYSE: TWTR ) - but overall performance has been solid.,0.8930308222770691,0.029229052364826202,0.07774010300636292,positive,0.8638017773628235
2,2018-08-23 22:54:00,"Indeed, it's been solid enough to push the S&P 500 to a new all-time high and continue the longest bull market in history .",0.9303446412086487,0.02710874192416668,0.04254660755395889,positive,0.903235912322998
3,2018-08-23 22:54:00,But before investors get too complacent - or celebrate too much - there still are a few key earnings reports ahead this week that will shape key sectors.,0.042079854756593704,0.048807062208652496,0.9091130495071411,neutral,-0.006727207452058792
4,2018-08-23 22:54:00,"In retail, a giant will try and keep the good news going after companies like Walmart (NYSE: WMT ) and Target (NYSE: TGT ) posted strong reports.",0.9126617312431335,0.029113538563251495,0.05822473019361496,positive,0.8835482001304626
5,2018-08-23 22:54:00,"An iconic American food company will try and jumpstart a turnaround, and the results of a strategic review could echo across its industry.",0.8314582705497742,0.02680111862719059,0.14174064993858337,positive,0.8046571612358093
6,2018-08-23 22:54:00,And a software leader will try and live up to one of the many elevated valuations in that sector.,0.8175550699234009,0.015196460299193859,0.1672484427690506,positive,0.8023586273193359
7,2018-08-23 22:54:00,"Earnings season may be over, but these 3 earnings reports are worth paying close attention to next week.",0.021739305928349495,0.034922875463962555,0.9433377981185913,neutral,-0.01318356953561306
8,2018-08-23 22:54:00,Best Buy (NYSE: BBY ) is in an interesting spot ahead of its fiscal Q2 report on Tuesday.,0.6567022800445557,0.024222642183303833,0.3190750479698181,positive,0.6324796676635742
9,2018-08-23 22:54:00,"BBY has taken part in the broad rally in retail, gaining about 50% from November lows.",0.9508188366889954,0.02144780382514,0.02773337997496128,positive,0.9293710589408875
10,2018-08-23 22:54:00,"It's added to those gains of late, rising 10% in the last month alone.",0.9495519995689392,0.019326360896229744,0.031121738255023956,positive,0.9302256107330322
11,2018-08-23 22:54:00,"It's coming off a strong fiscal 2018 (ending January), and crushed consensus estimates with a 7.1% same-store sales increase in Q1.",0.9403045177459717,0.02826538309454918,0.03143012151122093,positive,0.9120391607284546
12,2018-08-23 22:54:00,"Combine Best Buy's performance with numbers from big-box retailers that already have reported, and expectations seem likely to be very high next week.",0.5132220387458801,0.017735205590724945,0.4690427780151367,positive,0.4954868257045746
13,2018-08-23 22:54:00,And so a repeat of the post-Q1 trading - when BBY stock actually fell despite a seemingly monster quarter - seems possible.,0.21449817717075348,0.6630315184593201,0.12247034162282944,negative,-0.4485333561897278
14,2018-08-23 22:54:00,Consensus FY19 EPS estimates are at $5.01 - ahead of the company's $4.80-$5.00 guidance given after Q1.,0.491889625787735,0.034427374601364136,0.47368302941322327,positive,0.45746225118637085
15,2018-08-23 22:54:00,And so Best Buy most likely has to raise full-year EPS guidance simply to avoid from falling in trading Tuesday.,0.3649049699306488,0.21411246061325073,0.42098259925842285,neutral,0.15079250931739807
16,2018-08-23 22:54:00,"But if Best Buy can beat expectations, there's room for the rally to continue.",0.8975442051887512,0.020076138898730278,0.08237968385219574,positive,0.8774680495262146
17,2018-08-23 22:54:00,"The stock still trades at a reasonable 15x forward earnings, and those estimates could rise after a strong Q2.",0.9126667976379395,0.019853202626109123,0.06748001277446747,positive,0.8928136229515076
18,2018-08-23 22:54:00,If Best Buy has finally silenced the doubters (and I've been one of them ) there's a path for BBY to challenge $100.,0.6277441382408142,0.028654394671320915,0.3436014652252197,positive,0.5990897417068481
19,2018-08-23 22:54:00,Another earnings beat would be a solid step in that right direction.,0.8839406371116638,0.015057099051773548,0.1010022684931755,positive,0.8688835501670837
20,2018-08-23 22:54:00,Salesforce.com (NYSE: CRM ) has gone more than four years without missing Street estimates on either the top or bottom lines.,0.057435519993305206,0.6626133322715759,0.2799511253833771,negative,-0.6051778197288513
21,2018-08-23 22:54:00,So it's pretty safe to bet on a strong fiscal Q2 report on Wednesday.,0.6855178475379944,0.04809965565800667,0.26638251543045044,positive,0.6374182105064392
22,2018-08-23 22:54:00,But it's the market reaction that may be more informative than the numbers themselves - and not just for CRM stock.,0.03679394721984863,0.02116665057837963,0.9420393705368042,neutral,0.015627296641469002
23,2018-08-23 22:54:00,"Even by the standards of a dearly valued software sector, CRM stock looks expensive.",0.055728211998939514,0.3719431161880493,0.5723286867141724,neutral,-0.316214919090271
24,2018-08-23 22:54:00,"It's a company with a $109 billion market cap - and a 54x forward P/E multiple, a rare combination.",0.31057021021842957,0.0109701594337821,0.678459644317627,neutral,0.2996000647544861
25,2018-08-23 22:54:00,"• 5 Hot Stocks to Buy for the Longest Bull Run Ever

With the broad market as a whole just off all-time highs - and up 300%+ from crisis-era lows - the obvious question is how long the rally has to go, and just what prices investors are willing to pay.",0.43684226274490356,0.0697215348482132,0.49343621730804443,neutral,0.36712074279785156
26,2018-08-23 22:54:00,The reaction to a strong report from salesforce.com might give a clue as to how much more upside the rest of the market truly has.,0.4340824782848358,0.07190115749835968,0.4940164089202881,neutral,0.36218130588531494
27,2018-08-23 22:54:00,Q4 numbers from Campbell Soup Company (NYSE: CPB ) won't be the only news from the company on Thursday.,0.016822056844830513,0.03707287088036537,0.9461050033569336,neutral,-0.02025081403553486
28,2018-08-23 22:54:00,Campbell started a strategic review back in May in tandem with the resignation of CEO Denise Morrison.,0.03058617375791073,0.5122765302658081,0.4571373164653778,negative,-0.48169034719467163
29,2018-08-23 22:54:00,The company will announce the results of that review on Thursday in addition to fourth quarter earnings.,0.0428866371512413,0.00559332687407732,0.9515200257301331,neutral,0.03729331120848656
30,2018-08-23 22:54:00,"And as Dana Blankenhorn pointed out in June, that review could lead to a breakup of the Campbell's business , particularly with pressure from activist Dan Loeb.",0.02292630821466446,0.9368963241577148,0.0401773564517498,negative,-0.9139699935913086
31,2018-08-23 22:54:00,So it's not just CPB shareholders that will be watching closely on Thursday.,0.016850177198648453,0.011178605258464813,0.9719712138175964,neutral,0.0056715719401836395
32,2018-08-23 22:54:00,Kraft Heinz (NASDAQ: KHC ) reportedly has some interest in buying Campbell - and could be interested in any pieces that shake free should CPB look to prune its portfolio.,0.11998838931322098,0.005689910613000393,0.874321699142456,neutral,0.11429847776889801
33,2018-08-23 22:54:00,Others in the space could be buyers as well.,0.13194000720977783,0.008431170135736465,0.8596288561820984,neutral,0.12350884079933167
34,2018-08-23 22:54:00,It's possible that news from CPB on Thursday could reverberate around the entire U.S. food industry.,0.1678694486618042,0.09497062116861343,0.7371599078178406,neutral,0.07289882749319077
35,2018-08-23 22:54:00,"Meanwhile, the numbers will matter too.",0.018926197662949562,0.010094702243804932,0.9709790945053101,neutral,0.00883149541914463
36,2018-08-23 22:54:00,CPB has rallied 24% since hitting a 5-year low in early June.,0.9383673071861267,0.03206644579768181,0.029566317796707153,positive,0.9063008427619934
37,2018-08-23 22:54:00,Much of that enthusiasm is coming from hopes that the company can improve its profits - and perhaps its balance sheet through asset sales.,0.946045458316803,0.018292896449565887,0.035661548376083374,positive,0.9277525544166565
38,2018-08-23 22:54:00,If Campbell's instead gives investors a double whammy on Thursday - poor numbers and little or no news from the strategic review - those lows could be in the stock's future again.,0.030639523640275,0.8969138264656067,0.07244662195444107,negative,-0.8662742972373962
39,2018-08-23 22:54:00,"As of this writing, Vince Martin has no positions in any securities mentioned.",0.00855496246367693,0.019866647198796272,0.9715784192085266,neutral,-0.011311684735119343
40,2018-08-23 22:54:00,The post 3 Earnings Reports to Watch Next Week appeared first on InvestorPlace .,0.05211513862013817,0.025763962417840958,0.9221209287643433,neutral,0.02635117620229721
41,2018-08-23 22:54:00,"The views and opinions expressed herein are the views and opinions of the author and do not necessarily reflect those of Nasdaq, Inc.",0.010204566642642021,0.01563790813088417,0.9741575717926025,neutral,-0.005433341488242149
