,datetime,sentence,positive,negative,neutral,global_sentiment,avg_sentiment
0,2018-03-18 23:59:00,"Back in 2013, Mad Money host and former hedge fund manager Jim Cramer coined the FANG acronym .",0.10909699648618698,0.09156762808561325,0.7993353605270386,neutral,0.01752936840057373
1,2018-03-18 23:59:00,"Cramer called each of the FANG stocks ""companies that represent the future … are dominant in their markets … and have serious momentum.""",0.5361185669898987,0.016061894595623016,0.4478195607662201,positive,0.5200566649436951
2,2018-03-18 23:59:00,He consequently declared these stocks to be long-term winners.,0.7452423572540283,0.015790725126862526,0.2389669120311737,positive,0.7294516563415527
3,2018-03-18 23:59:00,He was right.,0.4627516567707062,0.06721143424510956,0.4700368642807007,neutral,0.3955402374267578
4,2018-03-18 23:59:00,"Since then, Alphabet Inc (NASDAQ: GOOG ) stock is up 100%.",0.9401682615280151,0.021931003779172897,0.03790076822042465,positive,0.9182372689247131
5,2018-03-18 23:59:00,Facebook Inc (NASDAQ: FB ) stock is up 200%.,0.9081550240516663,0.02677064575254917,0.06507433950901031,positive,0.8813843727111816
6,2018-03-18 23:59:00,"Amazon.com, Inc. (NASDAQ: AMZN ) stock is up 300%.",0.9184679985046387,0.025158781558275223,0.0563732348382473,positive,0.8933092355728149
7,2018-03-18 23:59:00,"And Netflix, Inc. (NASDAQ: NFLX ) is up more than 550%.",0.889291524887085,0.02390235848724842,0.08680611103773117,positive,0.8653891682624817
8,2018-03-18 23:59:00,But times are changing.,0.06642065942287445,0.04622480273246765,0.8873545527458191,neutral,0.0201958566904068
9,2018-03-18 23:59:00,"FANG is still a great group, but Facebook and Google have been weak recently.",0.02274583838880062,0.9486839771270752,0.02857019193470478,negative,-0.9259381294250488
10,2018-03-18 23:59:00,"Meanwhile, Netflix and Amazon have been hotter than ever.",0.645892322063446,0.13416512310504913,0.2199426144361496,positive,0.5117272138595581
11,2018-03-18 23:59:00,This divergence in the FANG group makes some investors feel like it's time for a new winning group of big-growth investments.,0.7275148034095764,0.01842242106795311,0.2540627419948578,positive,0.709092378616333
12,2018-03-18 23:59:00,"Recently, Cramer tried to deliver that new group to hungry investors.",0.2832995355129242,0.008209663443267345,0.7084908485412598,neutral,0.2750898599624634
13,2018-03-18 23:59:00,"He has created a new group of seven hyper-growth investments called the ""Cloud Kings.""",0.16088823974132538,0.005654874723404646,0.833456814289093,neutral,0.15523336827754974
14,2018-03-18 23:59:00,"These are companies at the heart of the cloud revolution, which is still in its early stages.",0.16807876527309418,0.009753433056175709,0.8221678137779236,neutral,0.15832532942295074
15,2018-03-18 23:59:00,"As such, Cramer thinks each of these seven Cloud King stocks will roar higher over the long-term.",0.8443326950073242,0.01886994205415249,0.13679738342761993,positive,0.8254627585411072
16,2018-03-18 23:59:00,But are each of these Cloud King stocks a big-time winner in the long term?,0.5176249146461487,0.030052362009882927,0.45232275128364563,positive,0.4875725507736206
17,2018-03-18 23:59:00,Or are just a few of them destined to give investors FANG-like returns over the next several years?,0.1910502016544342,0.029819540679454803,0.7791302800178528,neutral,0.1612306535243988
18,2018-03-18 23:59:00,"• 7 Dividend Stocks That May Be Hurting Your Retirement

Here's a look at my three favorite Cloud King stocks that should yield FANG-like returns over the next several years.",0.13451698422431946,0.010295781306922436,0.855187177658081,neutral,0.12422120571136475
19,2018-03-18 23:59:00,"Of all the Cloud King stocks, my favorite is Adobe Systems Incorporated (NASDAQ: ADBE ).",0.040234096348285675,0.00761553505435586,0.952150285243988,neutral,0.03261855989694595
20,2018-03-18 23:59:00,I've been pounding on the table about ADBE stock for a while.,0.11831733584403992,0.3463687002658844,0.5353139042854309,neutral,-0.22805136442184448
21,2018-03-18 23:59:00,The company is a one-stop shop for creative professionals with powerful solutions and muted competition.,0.45538589358329773,0.011187808588147163,0.5334262847900391,neutral,0.4441980719566345
22,2018-03-18 23:59:00,This has always been the case.,0.10380364954471588,0.024043727666139603,0.8721526265144348,neutral,0.07975992560386658
23,2018-03-18 23:59:00,"If you can't think of any true competitors to Adobe, you aren't alone.",0.03524244949221611,0.015760455280542374,0.9489971399307251,neutral,0.019481994211673737
24,2018-03-18 23:59:00,Just check out this list or this list of Adobe Photoshop alternatives.,0.02084369957447052,0.01577785611152649,0.9633784294128418,neutral,0.005065843462944031
25,2018-03-18 23:59:00,None of them are household names.,0.02840762957930565,0.040371425449848175,0.9312209486961365,neutral,-0.011963795870542526
26,2018-03-18 23:59:00,Nor do any of them offer products even close in quality to Adobe's offerings.,0.029795465990900993,0.017772076651453972,0.9524324536323547,neutral,0.012023389339447021
27,2018-03-18 23:59:00,"But the real big catalyst for ADBE stock is that the company is morphing into a cloud business with high-margin, recurring revenue streams.",0.08867587894201279,0.010092386975884438,0.9012317061424255,neutral,0.0785834938287735
28,2018-03-18 23:59:00,"The switch to an all-cloud, all-subscription business happened in 2013, and ever since then, it's been all uphill for Adobe.",0.23241010308265686,0.008877481333911419,0.7587124109268188,neutral,0.22353261709213257
29,2018-03-18 23:59:00,Revenues have soared.,0.8996701240539551,0.01579965092241764,0.08453024923801422,positive,0.8838704824447632
30,2018-03-18 23:59:00,Profits have soared.,0.9213573932647705,0.017819566652178764,0.060823116451501846,positive,0.9035378098487854
31,2018-03-18 23:59:00,ADBE stock has soared.,0.9312376976013184,0.01817573606967926,0.050586629658937454,positive,0.9130619764328003
32,2018-03-18 23:59:00,"Since 2013, ADBE stock is up nearly 500%.",0.9391998648643494,0.018039975315332413,0.04276018962264061,positive,0.9211598634719849
33,2018-03-18 23:59:00,And growth isn't slowing down that much.,0.12386609613895416,0.0833044946193695,0.7928294539451599,neutral,0.040561601519584656
34,2018-03-18 23:59:00,"Adobe is expected to grow earnings by nearly 25% per year over the next five years, driven by a combination of 15%-20% revenue growth and huge margin drivers.",0.9464067816734314,0.015696614980697632,0.037896618247032166,positive,0.9307101964950562
35,2018-03-18 23:59:00,"Meanwhile, ADBE stock is trading at just 35-times this year's earnings estimate.",0.033297404646873474,0.4223251938819885,0.5443773865699768,neutral,-0.38902777433395386
36,2018-03-18 23:59:00,That 1.4 price-to-earnings/growth (PEG) ratio is somewhat rich.,0.4116807281970978,0.04945655167102814,0.5388627052307129,neutral,0.36222416162490845
37,2018-03-18 23:59:00,"But it's not that rich considering this is a big revenue growth, big margin expansion company with recurring revenue streams and a cash-loaded balance sheet.",0.5770407915115356,0.012511605396866798,0.4104475677013397,positive,0.5645291805267334
38,2018-03-18 23:59:00,"In fact, 1.4 is about as good a PEG as you will find in the cloud space.",0.1487419307231903,0.012628663331270218,0.838629424571991,neutral,0.1361132711172104
39,2018-03-18 23:59:00,"Overall, I think Cramer is right on this one.",0.18297028541564941,0.014330876059830189,0.8026987910270691,neutral,0.1686394065618515
40,2018-03-18 23:59:00,ADBE stock is a big-time winner in the long-term.,0.9091185927391052,0.018529875203967094,0.07235146313905716,positive,0.8905887007713318
41,2018-03-18 23:59:00,"The second Cloud King stock that I think will roar higher is Salesforce.com, Inc. (NASDAQ: CRM ).",0.15813297033309937,0.010766173712909222,0.8311008810997009,neutral,0.14736679196357727
42,2018-03-18 23:59:00,This company is truly at the heart of the cloud and data revolutions.,0.3507958948612213,0.009108521975576878,0.640095591545105,neutral,0.3416873812675476
43,2018-03-18 23:59:00,CRM leverages data and analytics to deliver robust cloud solutions to enterprises who want data-driven insights on their customers.,0.6147333383560181,0.010180302895605564,0.37508636713027954,positive,0.6045530438423157
44,2018-03-18 23:59:00,"The more the amount of data in the world explodes, the more companies turn to that data to provide insights, and the more companies digitize their entire business, the higher demand will go for CRM's suite of products.",0.47326192259788513,0.012206919491291046,0.514531135559082,neutral,0.4610550105571747
45,2018-03-18 23:59:00,"But unlike ADBE, there are a bunch of notable and legitimate competitors here .",0.055311888456344604,0.0077615175396203995,0.936926543712616,neutral,0.047550372779369354
46,2018-03-18 23:59:00,"Also unlike ADBE, CRM stock is very richly valued.",0.3252564072608948,0.009999928995966911,0.6647436618804932,neutral,0.3152564764022827
47,2018-03-18 23:59:00,It trades at 62-times forward earnings for 25% earnings growth prospects over the next five years.,0.8731982707977295,0.012457909993827343,0.11434382200241089,positive,0.8607403635978699
48,2018-03-18 23:59:00,That PEG ratio of 2.5 is pretty rich.,0.27430906891822815,0.0187204759567976,0.7069705128669739,neutral,0.2555885910987854
49,2018-03-18 23:59:00,But a rich valuation and big competition haven't kept CRM stock down in the past.,0.37092968821525574,0.476133793592453,0.15293648838996887,negative,-0.10520410537719727
50,2018-03-18 23:59:00,"And the company does find itself in the overlap of two huge secular revolutions, the combination of which should drive big growth over the next several years.",0.8587338924407959,0.018794767558574677,0.12247134000062943,positive,0.8399391174316406
51,2018-03-18 23:59:00,"• 3 Cloud King Stocks That May Not Be Kings for Long

As such, I don't think CRM stock is as attractive as ADBE stock in the long term, but it still should be a winner.",0.8358230590820312,0.0220769252628088,0.14209993183612823,positive,0.8137461543083191
52,2018-03-18 23:59:00,"Cloud King Stocks to Buy #3: ServiceNow Inc (NOW)

ServiceNow Inc (NYSE: NOW ) reminds me a lot of an Adobe in the business digitization and automation field.",0.31847238540649414,0.009816896170377731,0.671710729598999,neutral,0.3086555004119873
53,2018-03-18 23:59:00,"Firstly, this is a company supported by secular tailwinds that should persist over the next several years.",0.3881106376647949,0.026583395898342133,0.5853059887886047,neutral,0.3615272343158722
54,2018-03-18 23:59:00,ServiceNow is currently in the business of digitizing corporate operations.,0.0402236208319664,0.00455853808671236,0.9552177786827087,neutral,0.035665083676576614
55,2018-03-18 23:59:00,This includes automating workflows and IT tasks.,0.01227568183094263,0.010050599463284016,0.9776737689971924,neutral,0.002225082367658615
56,2018-03-18 23:59:00,But this is the just low hanging fruit in ServiceNow's addressable market.,0.02932761237025261,0.06500761955976486,0.9056648015975952,neutral,-0.03568000718951225
57,2018-03-18 23:59:00,"As automation goes mainstream, and jobs across the workplace get replaced by more efficient digital solutions, ServiceNow's growth will explode because they will be providing those digital solutions.",0.23436622321605682,0.024801544845104218,0.7408322691917419,neutral,0.2095646858215332
58,2018-03-18 23:59:00,"In this sense, the company is a pure play on automation.",0.029581299051642418,0.006665269378572702,0.9637534022331238,neutral,0.022916030138731003
59,2018-03-18 23:59:00,"Secondly, the company has a huge, growing and massively profitable subscription business.",0.725413978099823,0.010658197104930878,0.2639278471469879,positive,0.7147557735443115
60,2018-03-18 23:59:00,"Subscription revenues accounted for roughly 90% of total revenues last quarter, and that is a big positive because subscriptions lend themselves to high revenue visibility.",0.7593663930892944,0.016225339844822884,0.2244083136320114,positive,0.7431410551071167
61,2018-03-18 23:59:00,"Moreover, the subscription business is growing a robust rate (40%-plus) and is high margin (85% gross margins).",0.9167847633361816,0.013833005912601948,0.06938228756189346,positive,0.9029517769813538
62,2018-03-18 23:59:00,That growth isn't expected to slow much (33.5% projected growth next year).,0.07677318900823593,0.4867229759693146,0.43650388717651367,negative,-0.40994977951049805
63,2018-03-18 23:59:00,"And margins are expected to remain high (85% again next year), so it really is full-steam ahead for ServiceNow's healthiest business segment.",0.8833216428756714,0.014923184178769588,0.10175517946481705,positive,0.8683984875679016
64,2018-03-18 23:59:00,"Thirdly, margins are zooming higher.",0.9397915005683899,0.017352383583784103,0.04285614192485809,positive,0.9224390983581543
65,2018-03-18 23:59:00,"Mostly thanks to ramp in the highly profitable subscription business, operating margins are running higher rather quickly.",0.9454969763755798,0.018146509304642677,0.03635650500655174,positive,0.9273504614830017
66,2018-03-18 23:59:00,This expansion is expected to continue next year and will continue into the foreseeable future so long as the subscription business continues to be the biggest revenue growth-driver.,0.8855060935020447,0.011466164141893387,0.10302767902612686,positive,0.8740399479866028
67,2018-03-18 23:59:00,"Moreover, ServiceNow operates at a rather ridiculously high 27% free cash flow margin.",0.5126869082450867,0.01823294907808304,0.4690801203250885,positive,0.49445396661758423
68,2018-03-18 23:59:00,"Fourthly, ServiceNow has a ton of customers.",0.09611666202545166,0.007236929144710302,0.8966464400291443,neutral,0.08887973427772522
69,2018-03-18 23:59:00,"Last quarter, the company reported 500 customers who do more than $1 million in business with ServiceNow.",0.06365294009447098,0.01098291389644146,0.9253641366958618,neutral,0.05267002433538437
70,2018-03-18 23:59:00,This breadth of customers gives the company tremendous up-selling opportunities as automation goes mainstream.,0.8964884877204895,0.012974750250577927,0.0905367061495781,positive,0.8835137486457825
71,2018-03-18 23:59:00,"Because these 500 customers already clearly trust ServiceNow, they will likely trust ServiceNow with each new automated product launch.",0.6442445516586304,0.013979434967041016,0.341776043176651,positive,0.6302651166915894
72,2018-03-18 23:59:00,"Thus, over the next 5-10 years, those 500 customers doing more than $1 million in business with ServiceNow, will turn into 500 customers doing more than $2 million or $3 million with ServiceNow.",0.19484342634677887,0.009237807244062424,0.7959187626838684,neutral,0.18560561537742615
73,2018-03-18 23:59:00,That growth adds up quickly.,0.6678441762924194,0.013214572332799435,0.3189411759376526,positive,0.6546295881271362
74,2018-03-18 23:59:00,"Lastly, the stock is pretty cheap.",0.10259593278169632,0.007739651016891003,0.8896644711494446,neutral,0.09485628455877304
75,2018-03-18 23:59:00,NOW stock trades at 86-times forward earnings for what analysts project is 55% earnings growth per year over the next five years.,0.9028460383415222,0.014458009041845798,0.08269589394330978,positive,0.8883880376815796
76,2018-03-18 23:59:00,"That gives the stock a PEG ratio of 1.6, which is actually really good for a hyper-growth cloud giant.",0.6676896810531616,0.021183107048273087,0.3111272156238556,positive,0.6465065479278564
77,2018-03-18 23:59:00,"All in all, this is a reasonably priced stock with secular growth tailwinds, a strong subscription business, healthy margin drivers, and tons of customers.",0.7987921237945557,0.011929973028600216,0.18927796185016632,positive,0.7868621349334717
78,2018-03-18 23:59:00,That makes this Cloud King stock a long-term winner.,0.8615294694900513,0.018341420218348503,0.12012916058301926,positive,0.8431880474090576
79,2018-03-18 23:59:00,"As of this writing, Luke Lango was long FB, GOOG, AMZN, ADBE and NOW.",0.013632101006805897,0.023795200511813164,0.9625726342201233,neutral,-0.010163099505007267
80,2018-03-18 23:59:00,The post 3 Cloud King Stocks to Buy Now and Hold Forever appeared first on InvestorPlace .,0.14329667389392853,0.03260604292154312,0.8240972757339478,neutral,0.1106906309723854
81,2018-03-18 23:59:00,"The views and opinions expressed herein are the views and opinions of the author and do not necessarily reflect those of Nasdaq, Inc.",0.010204566642642021,0.01563790813088417,0.9741575717926025,neutral,-0.005433341488242149
