,datetime,sentence,positive,negative,neutral,global_sentiment,avg_sentiment
0,2017-09-26 23:43:00,"In recent years, the number of various online services that enterprises have to tap into has proliferated, which has created a market for cloud-based enterprise identity management to help manage, coordinate, and integrate all of those services with a single sign-on (SSO).",0.6741311550140381,0.011029290966689587,0.31483957171440125,positive,0.663101851940155
1,2017-09-26 23:43:00,"There's even yet another ""-aaS"" acronym in use: identity as a service (IDaaS).",0.07658674567937851,0.00976024754345417,0.9136529564857483,neutral,0.06682649999856949
2,2017-09-26 23:43:00,"Alphabet (NASDAQ: GOOG) (NASDAQ: GOOGL) subsidiary Google just made a big move in IDaaS with its purchase of Bitium, which was announced yesterday.",0.5525472164154053,0.010893921367824078,0.43655887246131897,positive,0.5416532754898071
3,2017-09-26 23:43:00,"The deal will bolster Google's existing Cloud Identity service, which will offer enterprise customers identity and access management (IAM) and SSO.",0.9356130361557007,0.014347507618367672,0.05003949627280235,positive,0.9212655425071716
4,2017-09-26 23:43:00,"Bitium, a IDaaS start-up that was founded five years ago, supports a plethora of third-party app integrations including Google Apps, Microsoft (NASDAQ: MSFT) Office 365, customer relationship management (CRM) platforms like salesforce.com , and more, while maintaining security.",0.22252242267131805,0.00971817784011364,0.767759382724762,neutral,0.21280424296855927
5,2017-09-26 23:43:00,Expanding Google Cloud Identity's support to a greater number of third-party services will broaden its appeal and make it more competitive with rival offerings like Microsoft's Azure Active Directory and Amazon.com 's Amazon Web Services (AWS) IAM service.,0.9394128322601318,0.015618670731782913,0.04496849700808525,positive,0.923794150352478
6,2017-09-26 23:43:00,No financial details were disclosed.,0.009731792844831944,0.008704287931323051,0.981563925743103,neutral,0.001027504913508892
7,2017-09-26 23:43:00,Bitium co-founders Scott Kriz and Erik Gustavson vowed to continue supporting all current customers as Bitium transitions into the Google Cloud team.,0.7286348938941956,0.011912419460713863,0.2594527304172516,positive,0.7167224884033203
8,2017-09-26 23:43:00,"It's also something of a double-edged sword for Okta (NASDAQ: OKTA) , which announced an expanded partnership with Google last year that named Okta a ""preferred partner"" for large-scale enterprise deployments of Google Apps.",0.8713341355323792,0.013500918634235859,0.11516493558883667,positive,0.857833206653595
9,2017-09-26 23:43:00,The company subsequently went public earlier this year.,0.03670293465256691,0.006665018852800131,0.9566320776939392,neutral,0.03003791533410549
10,2017-09-26 23:43:00,"On one hand, Google scooping up Bitium serves as validation of how important the IDaaS market is becoming, but on the other, it suggests that Google may be more interested in competing with Okta.",0.6463730931282043,0.021379735320806503,0.33224719762802124,positive,0.6249933838844299
11,2017-09-26 23:43:00,"Okta is three years older than Bitium, founded in 2009 by former Salesforce.com exec Todd McKinnon.",0.052056703716516495,0.01664598099887371,0.931297242641449,neutral,0.03541072458028793
12,2017-09-26 23:43:00,"For what it's worth, Google says it will ""continue to work closely"" with its broader ecosystem of identity partners in order to offer choices for enterprise customers.",0.8541501760482788,0.011249070055782795,0.13460072875022888,positive,0.8429011106491089
13,2017-09-26 23:43:00,"Okta is a top dog in the IDaaS space, the only vendor that Gartner has named a leader in its Magic Quadrant for IDaaS for three years running.",0.36884772777557373,0.017341284081339836,0.6138109564781189,neutral,0.35150644183158875
14,2017-09-26 23:43:00,"It's possible that Okta was a candidate on Google's shopping list, but the price tag would have been hard to justify.",0.05031123012304306,0.1756230890750885,0.7740656733512878,neutral,-0.12531185150146484
15,2017-09-26 23:43:00,"Okta currently has a market cap of $2.8 billion before factoring in any acquisition premium, and Google just spent $1.1 billion on acquiring HTC's Pixel team .",0.12550869584083557,0.011950075626373291,0.8625411987304688,neutral,0.11355862021446228
16,2017-09-26 23:43:00,It's already been a pretty expensive month for the search giant.,0.044665947556495667,0.5375310182571411,0.4178030490875244,negative,-0.49286508560180664
17,2017-09-26 23:43:00,"10 stocks we like better than Alphabet (C shares)

When investing geniuses David and Tom Gardner have a stock tip, it can pay to listen.",0.12528850138187408,0.022895129397511482,0.8518163561820984,neutral,0.10239337384700775
18,2017-09-26 23:43:00,"After all, the newsletter they have run for over a decade, Motley Fool Stock Advisor , has tripled the market.",0.46925464272499084,0.07301506400108337,0.4577302634716034,positive,0.39623957872390747
19,2017-09-26 23:43:00,"*

David and Tom just revealed what they believe are the 10 best stocks for investors to buy right now... and Alphabet (C shares) wasn't one of them!",0.24209372699260712,0.016477687284350395,0.7414286136627197,neutral,0.22561603784561157
20,2017-09-26 23:43:00,That's right -- they think these 10 stocks are even better buys.,0.8146857619285583,0.02307075634598732,0.16224350035190582,positive,0.7916150093078613
21,2017-09-26 23:43:00,Click here to learn about these picks!,0.0694708302617073,0.055800698697566986,0.8747285008430481,neutral,0.01367013156414032
22,2017-09-26 23:43:00,"Suzanne Frey, an executive at Alphabet, is a member of The Motley Fool's board of directors.",0.022025013342499733,0.015809211879968643,0.9621658325195312,neutral,0.00621580146253109
23,2017-09-26 23:43:00,Teresa Kersten is an employee of LinkedIn and is a member of The Motley Fool's board of directors.,0.01943996734917164,0.016307445243000984,0.9642525911331177,neutral,0.0031325221061706543
24,2017-09-26 23:43:00,LinkedIn is owned by Microsoft.,0.012965702451765537,0.010095099918544292,0.9769392609596252,neutral,0.002870602533221245
25,2017-09-26 23:43:00,"Evan Niu, CFA owns shares of Okta, Inc.",0.015730712562799454,0.017215600237250328,0.9670537114143372,neutral,-0.0014848876744508743
26,2017-09-26 23:43:00,"The Motley Fool owns shares of and recommends Alphabet (A shares), Alphabet (C shares), AMZN, and IT.",0.021633338183164597,0.009448775090277195,0.9689178466796875,neutral,0.012184563092887402
27,2017-09-26 23:43:00,The Motley Fool recommends CRM.,0.06553253531455994,0.033292509615421295,0.9011749625205994,neutral,0.03224002569913864
28,2017-09-26 23:43:00,The Motley Fool has a disclosure policy .,0.016547108069062233,0.01730392687022686,0.9661489725112915,neutral,-0.0007568188011646271
29,2017-09-26 23:43:00,"The views and opinions expressed herein are the views and opinions of the author and do not necessarily reflect those of Nasdaq, Inc.",0.010204561054706573,0.01563790813088417,0.9741575717926025,neutral,-0.005433347076177597
