,datetime,sentence,positive,negative,neutral,global_sentiment,avg_sentiment
0,2016-09-30 08:54:00,"Salesforce.com, Inc. (NYSE: CRM ) is attempting to block Microsoft Corporation's (NASDAQ: MSFT ) offer to acquire LinkedIn Corp (NYSE: LNKD ).",0.029273631051182747,0.9143229126930237,0.05640341714024544,negative,-0.8850492835044861
1,2016-09-30 08:54:00,Salesforce is appealing to federal regulators in an attempt to block the deal between Microsoft and LinkedIn.,0.04253601282835007,0.8841972947120667,0.07326672971248627,negative,-0.841661274433136
2,2016-09-30 08:54:00,"The company argues that allowing the acquisition to occur could result in MSFT gaining an ""unfair competitive advantage.""",0.026342682540416718,0.9480441212654114,0.02561316080391407,negative,-0.9217014312744141
3,2016-09-30 08:54:00,The acquisition of LinkedIn by Microsoft would allow the tech company access to LNKD's data for more than 450 million professionals.,0.8262326717376709,0.01147962361574173,0.1622876673936844,positive,0.8147530555725098
4,2016-09-30 08:54:00,Salesforce argues that MSFT could deny this information to competitors.,0.028293553739786148,0.7625553607940674,0.20915104448795319,negative,-0.7342618107795715
5,2016-09-30 08:54:00,"The cloud computing company said this could threaten ""the future of innovation and competition.""",0.022934896871447563,0.9328617453575134,0.04420338571071625,negative,-0.9099268317222595
6,2016-09-30 08:54:00,Microsoft is offering $26.2 billion for LinkedIn.,0.3722071051597595,0.00870997179299593,0.6190829277038574,neutral,0.36349713802337646
7,2016-09-30 08:54:00,This beat out Salesforce's own offer for the social media network for professionals.,0.9153971672058105,0.01801084727048874,0.06659196317195892,positive,0.8973863124847412
8,2016-09-30 08:54:00,"However, CRM may still be interested in obtaining a social media company.",0.24017281830310822,0.008519048802554607,0.7513081431388855,neutral,0.23165376484394073
9,2016-09-30 08:54:00,"Rumors claim that it is interested in buying Twitter Inc (NYSE: TWTR ), reports CNNMoney .",0.08834930509328842,0.010018673725426197,0.9016320705413818,neutral,0.0783306285738945
10,2016-09-30 08:54:00,"Microsoft has countered Salesforce's arguments by pointing out that it is ""committed to continuing to work to bring price competition to a CRM market.""",0.5003944635391235,0.1451059728860855,0.35449954867362976,positive,0.3552885055541992
11,2016-09-30 08:54:00,It went on to note that the cloud company charges higher prices in that market than it does.,0.1648617684841156,0.04745687544345856,0.7876813411712646,neutral,0.11740489304065704
12,2016-09-30 08:54:00,Microsoft doesn't appear to be worried about Salesforce's complaints.,0.03152213990688324,0.5079417824745178,0.46053609251976013,negative,-0.4764196276664734
13,2016-09-30 08:54:00,"It pointed out that the deal has already been approved by regulators in the United States, Canada and Brazil.",0.6690245866775513,0.02532627247273922,0.30564916133880615,positive,0.6436983346939087
14,2016-09-30 08:54:00,"It expects to close the deal by the end of 2016, if regulators approve.",0.048473551869392395,0.017700307071208954,0.9338261485099792,neutral,0.03077324479818344
15,2016-09-30 08:54:00,Salesforce may have better luck convincing antitrust regulators in the European Commission to block the deal.,0.09099201112985611,0.8547617793083191,0.05424625054001808,negative,-0.7637697458267212
16,2016-09-30 08:54:00,"Margrethe Vestager, an antitrust chief from Denmark, said the organization should look more closely at mergers concerning valuable data.",0.3173355460166931,0.018210558220744133,0.6644538640975952,neutral,0.29912498593330383
17,2016-09-30 08:54:00,"The post CRM, MSFT, LNKD: Salesforce.com, Inc.",0.01675819233059883,0.023864954710006714,0.959376871585846,neutral,-0.007106762379407883
18,2016-09-30 08:54:00,Aims to Block Microsoft Corporation-LinkedIn Corp Deal appeared first on InvestorPlace .,0.04689344763755798,0.15441901981830597,0.7986875176429749,neutral,-0.10752557218074799
19,2016-09-30 08:54:00,"The views and opinions expressed herein are the views and opinions of the author and do not necessarily reflect those of Nasdaq, Inc.",0.010204561054706573,0.01563790813088417,0.9741575717926025,neutral,-0.005433347076177597
