,datetime,sentence,positive,negative,neutral,global_sentiment,avg_sentiment
0,2016-09-27 06:56:00,"Media behemoth, The Walt Disney CompanyDIS has emerged as one of the contenders to acquire popular microblogging site Twitter, Inc. TWTR , per media reports.",0.3333073556423187,0.3159193992614746,0.35077324509620667,neutral,0.017387956380844116
1,2016-09-27 06:56:00,The company is working with a financial advisor to evaluate a possible bid.,0.32859930396080017,0.011077608913183212,0.6603230237960815,neutral,0.31752169132232666
2,2016-09-27 06:56:00,"Following the news, Disney's shares fell more than 1%, while that of Twitter increased 3.3% yesterday.",0.016648506745696068,0.9723517894744873,0.010999657213687897,negative,-0.9557032585144043
3,2016-09-27 06:56:00,"Other technology companies, which are vying to acquire Twitter include salesforce.com, Inc. CRM and Alphabet Inc. GOOGL .",0.07701519131660461,0.01397556159645319,0.9090092182159424,neutral,0.063039630651474
4,2016-09-27 06:56:00,Twitter whose shares have declined over 7% in the past one year is plagued with a lot of problems.,0.019882554188370705,0.9536620378494263,0.026455391198396683,negative,-0.9337794780731201
5,2016-09-27 06:56:00,"To start with, Twitter has only 313 million users which is far less than Facebook, Inc.'s FB over 1.7 billion active users.",0.018412098288536072,0.9188818335533142,0.0627061277627945,negative,-0.9004697203636169
6,2016-09-27 06:56:00,"Further, the company is yet to earn profits in its decade long existence.",0.7279109358787537,0.06594377011060715,0.206145241856575,positive,0.6619671583175659
7,2016-09-27 06:56:00,"To add to its woes, the performance of its brand advertising businesses hasn't been as expected in the last two reported quarters, primarily affected by increasing competition.",0.048118796199560165,0.919884204864502,0.0319969616830349,negative,-0.8717654347419739
8,2016-09-27 06:56:00,Now the obvious question arises why Disney is contemplating acquiring Twitter despite the latter's recent problems.,0.08940012753009796,0.03280818834900856,0.8777917623519897,neutral,0.0565919391810894
9,2016-09-27 06:56:00,We believe this social networking site's focus on live streaming sports events has impressed Disney.,0.8176364898681641,0.013858919031918049,0.1685045063495636,positive,0.8037775754928589
10,2016-09-27 06:56:00,"To fight the odds, Twitter has been focusing on ""live"" and recently live streamed a NFL match garnering over 2 million viewers at its peak.",0.26294437050819397,0.0367254763841629,0.7003301978111267,neutral,0.22621889412403107
11,2016-09-27 06:56:00,"This year, it has signed a variety of streaming deals with the likes of NHL, NBA, Bloomberg, Cheddar, CBSN, and more.",0.8607363104820251,0.013395869173109531,0.1258678287267685,positive,0.84734046459198
12,2016-09-27 06:56:00,"Moreover, to bring in more users for its NFL live stream, the company launched an app for Apple TV users worldwide and in select markets for Amazon Fire TV and Xbox One users.",0.8725693821907043,0.013003700412809849,0.11442700028419495,positive,0.8595656752586365
13,2016-09-27 06:56:00,Twitter's stringent focus on sports programming could act as a catalyst for struggling ESPN as the former will provide a sturdy distribution platform for video content.,0.7903659343719482,0.027880694717168808,0.18175339698791504,positive,0.7624852657318115
14,2016-09-27 06:56:00,Disney's primary cash cow - ESPN - has come under a lot of pressure as the Pay TV landscape continues to alter owing to migration of subscribers to online TV.,0.032700490206480026,0.8952153921127319,0.07208410650491714,negative,-0.8625149130821228
15,2016-09-27 06:56:00,Falling subscriber base and higher programming costs of these businesses have been worrying investors for quite some time now.,0.022007804363965988,0.9389634132385254,0.03902870789170265,negative,-0.9169555902481079
16,2016-09-27 06:56:00,"As per Nielsen data, since 2013, ESPN has lost 9 million subscribers.",0.016506660729646683,0.9704682230949402,0.01302505936473608,negative,-0.9539615511894226
17,2016-09-27 06:56:00,"Most of the media companies are failing to cope with ""cord cutting"" as consumers do not want to pay for large bundles of channels.",0.023563697934150696,0.9478975534439087,0.02853872999548912,negative,-0.9243338704109192
18,2016-09-27 06:56:00,Disney is leaving no stone unturned to bring about a turnaround in ESPN's fortune.,0.7523910403251648,0.015953026711940765,0.23165583610534668,positive,0.7364380359649658
19,2016-09-27 06:56:00,"In an effort to attract online viewers, the company has inked a deal with video streaming, data analytics as well as commerce management company BAMTech.",0.9213391542434692,0.014481945894658566,0.06417890638113022,positive,0.9068571925163269
20,2016-09-27 06:56:00,"As per sources, the value of the deal stands at $1 billion.",0.022007539868354797,0.0052612111903727055,0.9727312922477722,neutral,0.01674632914364338
21,2016-09-27 06:56:00,Disney also has the option to acquire majority of the stake in BAMTech in the future.,0.03729758411645889,0.005376919638365507,0.9573255181312561,neutral,0.0319206640124321
22,2016-09-27 06:56:00,The acquisition of Twitter may provide a lifeline to ESPN.,0.6859424114227295,0.01311544794589281,0.30094218254089355,positive,0.6728269457817078
23,2016-09-27 06:56:00,"However, it is also to be noted that not all of its past acquisitions have provided desirable results to Disney.",0.7504740357398987,0.017354434356093407,0.23217160999774933,positive,0.7331196069717407
24,2016-09-27 06:56:00,"The company's acquisition of online social network game developer, Playdom in 2010 turned out to be an unprofitable investment as the popularity of the social games fell sharply.",0.018966898322105408,0.9629031419754028,0.01812993735074997,negative,-0.9439362287521362
25,2016-09-27 06:56:00,"Disney has also struggled after the acquisition of Maker Studios, an online video producer in 2014.",0.022976603358983994,0.9609020948410034,0.016121365129947662,negative,-0.9379255175590515
26,2016-09-27 06:56:00,Disney currently holds a Zacks Rank #3 (Hold).,0.0354277603328228,0.014443245716392994,0.950128972530365,neutral,0.02098451554775238
27,2016-09-27 06:56:00,You can see the complete list of today's Zacks #1 (Strong Buy) Rank stocks here .,0.06611695885658264,0.015413258224725723,0.9184697866439819,neutral,0.05070370063185692
28,2016-09-27 06:56:00,"Beyond this Analyst Blog, would you like to see Zacks' best recommendations that are not available to the public?",0.01751878671348095,0.013197353109717369,0.9692838788032532,neutral,0.00432143360376358
29,2016-09-27 06:56:00,"Our Executive VP, Steve Reitmeister, knows when key trades are about to be triggered and which of our experts has the hottest hand.",0.09682597219944,0.007594065275043249,0.8955799341201782,neutral,0.08923190832138062
30,2016-09-27 06:56:00,"Click to see them now>>

Want the latest recommendations from Zacks Investment Research?",0.024956028908491135,0.013030357658863068,0.9620136618614197,neutral,0.011925671249628067
31,2016-09-27 06:56:00,"Today, you can download 7 Best Stocks for the Next 30 Days.",0.05069372057914734,0.007019792217761278,0.9422864317893982,neutral,0.04367392882704735
32,2016-09-27 06:56:00,"Click to get this free report

To read this article on Zacks.com click here.",0.020684564486145973,0.03315984085202217,0.9461556077003479,neutral,-0.012475276365876198
33,2016-09-27 06:56:00,"The views and opinions expressed herein are the views and opinions of the author and do not necessarily reflect those of Nasdaq, Inc.",0.010204561054706573,0.01563790813088417,0.9741575717926025,neutral,-0.005433347076177597
