,datetime,sentence,positive,negative,neutral,global_sentiment,avg_sentiment
0,2016-09-26 22:51:00,"It seems like Wall Street has been speculating about a Twitter TWTR buyout for years now, but things are finally starting to get serious thanks to potential suitors like Salesforce CRM and Alphabet GOOGL .",0.6791301965713501,0.022354941815137863,0.29851487278938293,positive,0.6567752361297607
1,2016-09-26 22:51:00,"Now, according to Bloomberg , media giant Disney DIS has also entered the fray.",0.40757232904434204,0.030114464461803436,0.5623132586479187,neutral,0.377457857131958
2,2016-09-26 22:51:00,Disney is apparently working with a financial adviser to evaluate a bid for the struggling social media site.,0.10526452958583832,0.19306598603725433,0.7016695141792297,neutral,-0.08780145645141602
3,2016-09-26 22:51:00,The two companies should be familiar with each other-Twitter CEO Jack Dorsey serves on the board at Disney-and a takeover could help solve problems for both businesses.,0.8482149839401245,0.02621147595345974,0.1255735158920288,positive,0.8220034837722778
4,2016-09-26 22:51:00,"For Twitter, a buyout almost certainly couldn't make things worse.",0.07042639702558517,0.7801060080528259,0.14946749806404114,negative,-0.7096796035766602
5,2016-09-26 22:51:00,"The company has struggled to grow its user base for years, and the stock has consistently disappointed investors.",0.025918161496520042,0.946026623249054,0.02805519290268421,negative,-0.920108437538147
6,2016-09-26 22:51:00,"On the other hand, Disney, which is no longer the guaranteed long-term hold it once was, could use Twitter's live experience to save its struggling sports broadcasting division.",0.12651197612285614,0.326018750667572,0.5474692583084106,neutral,-0.19950677454471588
7,2016-09-26 22:51:00,"The cord-cutting phenomenon has put a serious strain on Disney, which depends on its cable networks like ESPN for a majority of its revenue.",0.020334597676992416,0.9549154043197632,0.024749917909502983,negative,-0.9345808029174805
8,2016-09-26 22:51:00,"As people switch to streaming services like Netflix NFLX , Hulu, and Amazon's AMZN Instant Video, they sacrifice specific channels like ESPN, and thanks to the high costs of sports broadcasting rights, the industry lacks a strong over-the-top sports streaming service.",0.041084662079811096,0.42551806569099426,0.5333972573280334,neutral,-0.384433388710022
9,2016-09-26 22:51:00,"Enter Twitter, Disney's unexpected hero.",0.11313358694314957,0.0744369849562645,0.8124294877052307,neutral,0.03869660198688507
10,2016-09-26 22:51:00,Twitter has spent much of the last year investing in its sports live streaming business.,0.21899548172950745,0.006994703318923712,0.7740098237991333,neutral,0.212000772356987
11,2016-09-26 22:51:00,"After winning the rights to stream 10 of the NFL's Thursday Night Football games this year, Twitter went on a spending spree, scooping up rights to several PAC-12 sports, Wimbledon, two NBA-related shows, and games from the MLB and NHL (also read: Twitter Goes Full Throttle on Live Streaming ).",0.21572604775428772,0.11420129239559174,0.6700726747512817,neutral,0.10152475535869598
12,2016-09-26 22:51:00,"While some investors were left scratching their heads as the social media giant entered the broadcasting business, Twitter defended its investments brilliantly.",0.8299779891967773,0.03160618245601654,0.1384158879518509,positive,0.7983717918395996
13,2016-09-26 22:51:00,"Sports fans are already interact with Twitter during the games, why not let them watch the games on the site too?",0.03348902240395546,0.02107151225209236,0.9454394578933716,neutral,0.012417510151863098
14,2016-09-26 22:51:00,Herein lies the value for Disney.,0.08149696886539459,0.006529382895678282,0.9119736552238464,neutral,0.07496758550405502
15,2016-09-26 22:51:00,"Buying Twitter is not a social media play, it's a broadcasting play.",0.028654159978032112,0.014590720646083355,0.9567551612854004,neutral,0.014063439331948757
16,2016-09-26 22:51:00,Twitter's rights to stream sports would become Disney's right to stream sports.,0.020278258249163628,0.009268083609640598,0.9704536199569702,neutral,0.01101017463952303
17,2016-09-26 22:51:00,Full-blown Twitter-ESPN integration changes the capabilities of sports broadcasting.,0.25241485238075256,0.032538093626499176,0.7150471210479736,neutral,0.21987676620483398
18,2016-09-26 22:51:00,Being an at-home fan could become more social and interactive than ever.,0.2671741247177124,0.01686355471611023,0.715962290763855,neutral,0.2503105700016022
19,2016-09-26 22:51:00,"ESPN is far from dead, but the network needs to be reinvigorated.",0.31340765953063965,0.014626793563365936,0.6719655394554138,neutral,0.2987808585166931
20,2016-09-26 22:51:00,Disney has already showed its willingness to try new things with the worldwide leader in sports-its purchase of BAMTech in August has opened the door for an ESPN-branded streaming option.,0.9127632975578308,0.014890557155013084,0.07234615087509155,positive,0.8978727459907532
21,2016-09-26 22:51:00,"Nevertheless, Twitter has the infrastructure, licensing, and fan base for a successful sports media transformation.",0.8414151072502136,0.012049674056470394,0.1465352177619934,positive,0.8293654322624207
22,2016-09-26 22:51:00,"At the right price, buying Twitter could make a lot of sense for Disney.",0.4079517424106598,0.013290176168084145,0.5787581205368042,neutral,0.3946615755558014
23,2016-09-26 22:51:00,"For more ideas on who should scoop up Twitter, check out: Here's Why Salesforce Shouldn't Buy Twitter, But Google Should .",0.04138929396867752,0.05194426327943802,0.9066665172576904,neutral,-0.010554969310760498
24,2016-09-26 22:51:00,Want the latest recommendations from Zacks Investment Research?,0.03539300337433815,0.011573811061680317,0.9530332088470459,neutral,0.023819193243980408
25,2016-09-26 22:51:00,"Today, you can download 7 Best Stocks for the Next 30 Days .",0.05069372057914734,0.007019792217761278,0.9422864317893982,neutral,0.04367392882704735
26,2016-09-26 22:51:00,"Click to get this free report >>

Want the latest recommendations from Zacks Investment Research?",0.024332426488399506,0.01685955375432968,0.9588080644607544,neutral,0.007472872734069824
27,2016-09-26 22:51:00,"Today, you can download 7 Best Stocks for the Next 30 Days.",0.05069372057914734,0.007019792217761278,0.9422864317893982,neutral,0.04367392882704735
28,2016-09-26 22:51:00,"Click to get this free report

To read this article on Zacks.com click here.",0.020684564486145973,0.03315984085202217,0.9461556077003479,neutral,-0.012475276365876198
29,2016-09-26 22:51:00,"The views and opinions expressed herein are the views and opinions of the author and do not necessarily reflect those of Nasdaq, Inc.",0.010204561054706573,0.01563790813088417,0.9741575717926025,neutral,-0.005433347076177597
