,datetime,sentence,positive,negative,neutral,global_sentiment,avg_sentiment
0,2016-09-22 22:45:00,Shares of Twitter (NYSE: TWTR ) soared as much as 22.9% on Friday morning following rumors that the social network is courting a few buyout offers.,0.9174101948738098,0.028367461636662483,0.05422231927514076,positive,0.8890427350997925
1,2016-09-22 22:45:00,Shares are up 17% at around 12:50 p.m. EDT.,0.9205968379974365,0.016872482374310493,0.06253073364496231,positive,0.9037243723869324
2,2016-09-22 22:45:00,"Twitter ""has received expressions of interest from several technology or media companies and may receive a formal bid shortly,"" reported CNBC on Friday morning.",0.762243390083313,0.013194017112255096,0.2245626300573349,positive,0.7490493655204773
3,2016-09-22 22:45:00,"Interestingly, CNBC specifically named two tech companies as ""potential suitors"": Alphabet (NASDAQ: GOOG) (NASDAQ: GOOGL) and salesforce.com (NYSE: CRM) .",0.11968417465686798,0.009454243816435337,0.8708615899085999,neutral,0.11022993177175522
4,2016-09-22 22:45:00,"But these are just two names ""among other technology companies,"" according to CNBC.",0.03820183873176575,0.11625487357378006,0.8455433249473572,neutral,-0.07805303484201431
5,2016-09-22 22:45:00,"Salesforce is trading about 5% lower on the news, suggesting investors might disagree with the logic of a Twitter acquisition.",0.018643420189619064,0.9664366245269775,0.014919919893145561,negative,-0.947793185710907
6,2016-09-22 22:45:00,Alphabet shares are trading flat.,0.026277510449290276,0.6105784773826599,0.36314406991004944,negative,-0.5843009948730469
7,2016-09-22 22:45:00,"Twitter investors are likely bullish about a potential acquisition because they believe shares would sell at a premium in a buyout transaction, particularly given that shares are down compared to a year ago.",0.15165701508522034,0.7660914063453674,0.08225163072347641,negative,-0.6144343614578247
8,2016-09-22 22:45:00,"Twitter stock is down about 18% in the past year, even after recovering 36% in the past three months.",0.01806023344397545,0.9661043882369995,0.015835294499993324,negative,-0.9480441808700562
9,2016-09-22 22:45:00,Investors should keep in mind that this is only speculation.,0.02342737652361393,0.013983026146888733,0.9625895619392395,neutral,0.009444350376725197
10,2016-09-22 22:45:00,"And even if an acquisition does occur, it's impossible to guess what price the buying company would pay for Twitter.",0.024268563836812973,0.023613566532731056,0.9521178603172302,neutral,0.0006549973040819168
11,2016-09-22 22:45:00,"The world's biggest tech company forgot to show you something, but a few Wall Street analysts and the Fool didn't miss a beat: There's a small company that's powering their brand-new gadgets and the coming revolution in technology.",0.07462237030267715,0.16781271994113922,0.757564902305603,neutral,-0.09319034963846207
12,2016-09-22 22:45:00,And we think its stock price has nearly unlimited room to run for early in-the-know investors!,0.28927910327911377,0.013621804304420948,0.6970990896224976,neutral,0.2756572961807251
13,2016-09-22 22:45:00,"To be one of them, just click here .",0.08918054401874542,0.07975278049707413,0.8310666680335999,neutral,0.009427763521671295
14,2016-09-22 22:45:00,"Suzanne Frey, an executive at Alphabet, is a member of The Motley Fool's board of directors.",0.022025013342499733,0.015809211879968643,0.9621658325195312,neutral,0.00621580146253109
15,2016-09-22 22:45:00,Daniel Sparks has no position in any stocks mentioned.,0.010217004455626011,0.04521223157644272,0.9445707201957703,neutral,-0.03499522805213928
16,2016-09-22 22:45:00,"The Motley Fool owns shares of and recommends Alphabet (A shares), Alphabet (C shares), and Twitter.",0.021819235756993294,0.012895405292510986,0.9652853608131409,neutral,0.008923830464482307
17,2016-09-22 22:45:00,The Motley Fool recommends Salesforce.com.,0.033904511481523514,0.0381915383040905,0.927903950214386,neutral,-0.004287026822566986
18,2016-09-22 22:45:00,Try any of our Foolish newsletter services free for 30 days .,0.02325451746582985,0.013860778883099556,0.9628846645355225,neutral,0.009393738582730293
19,2016-09-22 22:45:00,"We Fools may not all hold the same opinions, but we all believe that considering a diverse range of insights makes us better investors.",0.7942618727684021,0.015105843544006348,0.19063223898410797,positive,0.7791560292243958
20,2016-09-22 22:45:00,The Motley Fool has a disclosure policy .,0.016547100618481636,0.017303917557001114,0.9661489725112915,neutral,-0.0007568169385194778
21,2016-09-22 22:45:00,"The views and opinions expressed herein are the views and opinions of the author and do not necessarily reflect those of Nasdaq, Inc.",0.010204566642642021,0.01563790813088417,0.9741575717926025,neutral,-0.005433341488242149
