,datetime,sentence,positive,negative,neutral,global_sentiment,avg_sentiment
0,2015-11-24 03:59:00,Being in the cloud computing business has been lucrative for early movers.,0.4779934883117676,0.013053745031356812,0.508952796459198,neutral,0.46493974328041077
1,2015-11-24 03:59:00,No company typifies this more than salesforce.com -- the first to become a full-scale cloud company for small and medium sized businesses.,0.4972098767757416,0.01125184353441,0.49153825640678406,positive,0.4859580397605896
2,2015-11-24 03:59:00,"Over the last 10 years, the stock has returned more than 1,000%.",0.9063777923583984,0.01651068590581417,0.07711151242256165,positive,0.8898671269416809
3,2015-11-24 03:59:00,But salesforce.com wasn't always able to meet everyone's needs.,0.15531641244888306,0.0868661031126976,0.7578175067901611,neutral,0.06845030933618546
4,2015-11-24 03:59:00,That's exactly why Peter Gassner left salesforce.com to found the company that he is currently CEO of: Veeva Systems .,0.025620300322771072,0.013966547325253487,0.9604132175445557,neutral,0.011653752997517586
5,2015-11-24 03:59:00,The company focuses on meeting the cloud computing needs of life sciences and pharmaceutical companies.,0.12277652323246002,0.004921708256006241,0.8723018169403076,neutral,0.11785481870174408
6,2015-11-24 03:59:00,"With earnings coming up this week for Veeva, here are three areas investors should keep their eyes on.",0.05916554853320122,0.012284568510949612,0.9285498857498169,neutral,0.04688097909092903
7,2015-11-24 03:59:00,I don't think investors should give analysts' estimates too much credence when it comes to whether or not a company is successful.,0.030935829505324364,0.015129296109080315,0.953934907913208,neutral,0.01580653339624405
8,2015-11-24 03:59:00,"But when management provides an outlook, it's worth seeing how the company performs against its own benchmarks.",0.2434336245059967,0.014143522828817368,0.7424228191375732,neutral,0.22929009795188904
9,2015-11-24 03:59:00,Here's what Gassner has signaled he thinks the third quarter -- and full fiscal year -- should look like.,0.04195021837949753,0.007826807908713818,0.950222909450531,neutral,0.034123409539461136
10,2015-11-24 03:59:00,Check to see how this meshes with the numbers that are reported/forecasted.,0.01617521606385708,0.010058019310235977,0.9737667441368103,neutral,0.006117196753621101
11,2015-11-24 03:59:00,"Even if the company falls short of -- or blows out -- these estimates, they are largely short-term in importance.",0.025395309552550316,0.028230778872966766,0.9463738799095154,neutral,-0.0028354693204164505
12,2015-11-24 03:59:00,Investors also need to keep their eyes on the long-term health of the company.,0.08639650791883469,0.02286197990179062,0.8907415270805359,neutral,0.06353452801704407
13,2015-11-24 03:59:00,Veeva is one of the few publicly traded cloud companies that has been able to turn a profit at such a young age.,0.8391819000244141,0.014730951748788357,0.1460871547460556,positive,0.8244509696960449
14,2015-11-24 03:59:00,"That's largely because the company has been able to sign up lots of customers, and, once they are locked in, cross-sell them other CRM products.",0.6921123266220093,0.011513267643749714,0.29637444019317627,positive,0.68059903383255
15,2015-11-24 03:59:00,"While CRM, or customer relationship management, isn't the future of Veeva that gets investors excited (more on that below), it is definitely the core of the company: CRM accounted for 84% of total revenue last fiscal year.",0.045267555862665176,0.0060234288685023785,0.9487089514732361,neutral,0.03924412652850151
16,2015-11-24 03:59:00,"The company has added on several new features to the core CRM platform, and they are encompassed in what management calls the ""Multi-channel CRM suite.""",0.4381486177444458,0.008096533827483654,0.5537548661231995,neutral,0.4300520718097687
17,2015-11-24 03:59:00,"During last quarter's conference call, Gassner said, ""our multi-channel CRM product suite continues to [grow at] a solid pace, and we remain on track to achieve an increase in CRM subscription revenue of roughly 20% for the year.""",0.9552472829818726,0.01649070903658867,0.028262000530958176,positive,0.9387565851211548
18,2015-11-24 03:59:00,"The biggest and stickiest driver of this growth has been Veeva's approved email platform, which two of the top 20 Big Pharma companies have already adopted.",0.6629248857498169,0.012898540124297142,0.324176549911499,positive,0.6500263214111328
19,2015-11-24 03:59:00,"Beyond CRM, Veeva has two other key divisions: Veeva Vault and Veeva Network.",0.030557449907064438,0.005949707236140966,0.9634928107261658,neutral,0.024607742205262184
20,2015-11-24 03:59:00,"Network is still in its infancy, but Vault is in the stage where rapid growth should be occurring.",0.5138660073280334,0.01079818420112133,0.4753357470035553,positive,0.5030678510665894
21,2015-11-24 03:59:00,The product helps pharmaceutical companies manage all of the data necessary to push a drug through the approval process -- a key function where lots of inefficiencies can be addressed.,0.33869993686676025,0.008910691365599632,0.652389407157898,neutral,0.32978925108909607
22,2015-11-24 03:59:00,"At the end of last quarter, Veeva had 170 Vault customers total, with 30 of those customers coming from the world's Top 50 Pharma companies.",0.04914252460002899,0.00765615189447999,0.9432013034820557,neutral,0.04148637130856514
23,2015-11-24 03:59:00,"It will be crucial for Veeva to not only gain more customers moving forward, but to sell more Vault services to those customers as they get hooked into the system.",0.8264830708503723,0.010943316854536533,0.1625736802816391,positive,0.8155397772789001
24,2015-11-24 03:59:00,"Gassner believes that Vault could one day be much larger than CRM, and if management is able to come through on this promise, it could mean a lucrative future for the company and its shareholders.",0.9116177558898926,0.01391754113137722,0.07446464151144028,positive,0.8977001905441284
25,2015-11-24 03:59:00,"The world's biggest tech company forgot to show you something at its recent event, but a few Wall Street analysts and the Fool didn't miss a beat: There's a small company that's powering their brand-new gadgets and the coming revolution in technology.",0.07124034315347672,0.0912238135933876,0.8375357985496521,neutral,-0.01998347043991089
26,2015-11-24 03:59:00,And we think its stock price has nearly unlimited room to run for early in-the-know investors!,0.28927910327911377,0.013621804304420948,0.6970990896224976,neutral,0.2756572961807251
27,2015-11-24 03:59:00,"To be one of them, just click here .",0.08918054401874542,0.07975278049707413,0.8310666680335999,neutral,0.009427763521671295
28,2015-11-24 03:59:00,The article 3 Things to Watch When Veeva Systems Inc Reports originally appeared on Fool.com.,0.016286524012684822,0.019840730354189873,0.9638727903366089,neutral,-0.0035542063415050507
29,2015-11-24 03:59:00,Brian Stoffel owns shares of Veeva Systems.,0.016026807948946953,0.010143947787582874,0.9738292694091797,neutral,0.0058828601613640785
30,2015-11-24 03:59:00,The Motley Fool owns shares of and recommends Veeva Systems.,0.034477271139621735,0.013045232743024826,0.9524774551391602,neutral,0.02143203839659691
31,2015-11-24 03:59:00,The Motley Fool recommends Salesforce.com.,0.033904511481523514,0.0381915383040905,0.927903950214386,neutral,-0.004287026822566986
32,2015-11-24 03:59:00,Try any of our Foolish newsletter services free for 30 days .,0.02325451746582985,0.013860778883099556,0.9628846645355225,neutral,0.009393738582730293
33,2015-11-24 03:59:00,"We Fools may not all hold the same opinions, but we all believe that considering a diverse range of insights makes us better investors.",0.7942618727684021,0.015105843544006348,0.19063223898410797,positive,0.7791560292243958
34,2015-11-24 03:59:00,The Motley Fool has a disclosure policy .,0.016547108069062233,0.01730392687022686,0.9661489725112915,neutral,-0.0007568188011646271
35,2015-11-24 03:59:00,"Copyright © 1995 - 2015 The Motley Fool, LLC.",0.02793366275727749,0.023041872307658195,0.949024498462677,neutral,0.004891790449619293
36,2015-11-24 03:59:00,All rights reserved.,0.01556148286908865,0.01622452400624752,0.9682139754295349,neutral,-0.0006630411371588707
37,2015-11-24 03:59:00,The Motley Fool has a disclosure policy .,0.016547108069062233,0.01730392687022686,0.9661489725112915,neutral,-0.0007568188011646271
38,2015-11-24 03:59:00,"The views and opinions expressed herein are the views and opinions of the author and do not necessarily reflect those of Nasdaq, Inc.",0.010204561054706573,0.01563790813088417,0.9741575717926025,neutral,-0.005433347076177597
