,datetime,sentence,positive,negative,neutral,global_sentiment,avg_sentiment
0,2015-06-29 22:49:00,"As the cloud market is maturing, we can expect a consolidation of this vibrant market.",0.8839563727378845,0.012491612695157528,0.10355211794376373,positive,0.8714647889137268
1,2015-06-29 22:49:00,"Whereas the initial upsurge was dominated by app developers and providers, the next phase will see an increasing focus on cloud solution providers.",0.24024884402751923,0.006793856620788574,0.752957284450531,neutral,0.23345498740673065
2,2015-06-29 22:49:00,"Some organizations are using hundreds of apps, not including those apps employees have acquired without involving the corporate IT department.",0.02292671799659729,0.14397233724594116,0.8331009745597839,neutral,-0.12104561924934387
3,2015-06-29 22:49:00,Managing these huge numbers of apps has become a task in itself.,0.05118049681186676,0.027668282389640808,0.9211512207984924,neutral,0.023512214422225952
4,2015-06-29 22:49:00,"Integrating them can be difficult, expensive, time-consuming and often simply impossible.",0.04949533939361572,0.49517539143562317,0.45532917976379395,negative,-0.44568005204200745
5,2015-06-29 22:49:00,"Some corporate IT providers such as SAP (SAP ) are offering cloud solutions for core business units such as human resources, finanance, sales, marketing and procurement.",0.06794002652168274,0.00536884181201458,0.9266911149024963,neutral,0.06257118284702301
6,2015-06-29 22:49:00,Salesforce (CRM ) started off with a CRM solution and added on additional functionality.,0.3993578851222992,0.00801506731659174,0.5926271080970764,neutral,0.39134281873703003
7,2015-06-29 22:49:00,WinWeb has taken a corporate view and has developed a comprehensive cloud system which integrates the different functions in one package.,0.22901539504528046,0.006088044960051775,0.7648965120315552,neutral,0.22292734682559967
8,2015-06-29 22:49:00,It could be argued that each model has its strength and weaknesses.,0.026693176478147507,0.10122982412576675,0.8720769882202148,neutral,-0.07453665137290955
9,2015-06-29 22:49:00,"What matters to organisations is that their business is supported in the most efficient way, whichever cloud services they employ.",0.25228351354599,0.007433967664837837,0.7402824759483337,neutral,0.2448495477437973
10,2015-06-29 22:49:00,"In an increasingly unstable global economy the cost of cloud services will continue to be a crucial element, but equally important will be additional benefits, such as higher productivity, faster speed-to-market, and industry-specific functionality such as meeting regulatory requirements.",0.8027001023292542,0.011335386894643307,0.18596453964710236,positive,0.7913647294044495
11,2015-06-29 22:49:00,"Market intelligence company IDC found that only 38 per cent of organizations are currently using the cloud, while 62 per cent are still not using the cloud.",0.03221714124083519,0.2790105938911438,0.6887722611427307,neutral,-0.2467934489250183
12,2015-06-29 22:49:00,These figures are likely to be reversed over the next decade.,0.05259711667895317,0.10219927132129669,0.8452036380767822,neutral,-0.04960215464234352
13,2015-06-29 22:49:00,Organizations of all sizes will re-evaluate their approach to cloud computing in a quest to find the best solution for the particular challenges they are facing.,0.4840516149997711,0.013041580095887184,0.5029067993164062,neutral,0.4710100293159485
14,2015-06-29 22:49:00,Choosing the right cloud services will enables them to secure and maintain a competitive advantage.,0.9323962926864624,0.014923070557415485,0.05268070101737976,positive,0.9174731969833374
15,2015-06-29 22:49:00,"Consultancies, system integrators and cloud brokers have to make sure that they understand underlying business needs as well as the advantages and disadvantages of different cloud offerings and that they are able to match the two.",0.32888880372047424,0.00883250031620264,0.6622787117958069,neutral,0.320056289434433
16,2015-06-29 22:49:00,"The views and opinions expressed herein are the views and opinions of the author and do not necessarily reflect those of Nasdaq, Inc.",0.010204566642642021,0.01563790813088417,0.9741575717926025,neutral,-0.005433341488242149
