,datetime,sentence,positive,negative,neutral,global_sentiment,avg_sentiment
0,2015-02-25 23:52:00,"Although we don't believe in timing the market or panicking over market movements, we do like to keep an eye on big changes -- just in case they're material to our investing thesis.",0.03830228000879288,0.008561713621020317,0.9531359672546387,neutral,0.02974056638777256
1,2015-02-25 23:52:00,"What's happening: Shares of salesforce.com were up 11% as of 11:50 a.m. EST Thursday after the cloud-based CRM specialist announced inline fiscal fourth-quarter 2015 results, raised fiscal 2016 revenue guidance, and showed solid growth in its backlog.",0.9535856246948242,0.019835475832223892,0.02657889388501644,positive,0.9337501525878906
2,2015-02-25 23:52:00,"Why it's happening: Quarterly revenue climbed 26% year over year to $1.44 billion, which translated to adjusted earnings of $0.14 per diluted share.",0.9558656215667725,0.02160913124680519,0.022525213658809662,positive,0.9342564940452576
3,2015-02-25 23:52:00,Both figures were in line with analysts' expectations.,0.6187184453010559,0.06877609342336655,0.3125055134296417,positive,0.5499423742294312
4,2015-02-25 23:52:00,"Perhaps most impressive, however, is that Salesforce reported deferred revenue of $3.32 billion, up 32% year over year.",0.9542738199234009,0.01775737665593624,0.027968809008598328,positive,0.9365164637565613
5,2015-02-25 23:52:00,"Unbilled deferred revenue, which represents business contracted but not yet billed and off the balance sheet, ended the year 27% higher at $5.7 billion.",0.900678813457489,0.045857567340135574,0.053463712334632874,positive,0.8548212647438049
6,2015-02-25 23:52:00,"Because Salesforce generally pursues a subscription model for its cloud services, this shows the company is making meaningful progress in securing longer-term deals and serves as a great predictor of its future revenue.",0.8963066339492798,0.012732381001114845,0.0909610316157341,positive,0.8835742473602295
7,2015-02-25 23:52:00,"For the current quarter, Salesforce expects revenue of roughly $1.485 billion to $1.505 billion, an increase of 21% to 23% over the same year-ago period.",0.9545750617980957,0.01788015104830265,0.027544783428311348,positive,0.9366949200630188
8,2015-02-25 23:52:00,That should result in adjusted earnings per share of $0.13 to $0.14.,0.46406811475753784,0.014089462347328663,0.521842360496521,neutral,0.44997864961624146
9,2015-02-25 23:52:00,Analysts had modeled slightly higher earnings of $0.15 per share on sales of $1.50 billion.,0.9082638621330261,0.054573751986026764,0.03716235235333443,positive,0.8536900877952576
10,2015-02-25 23:52:00,"For the full fiscal 2016, Salesforce raised its revenue guidance range to $6.475 billion to $6.520 billion, from a prior range of $6.45 billion to $6.50 billion.",0.950070858001709,0.019229134544730186,0.030699973925948143,positive,0.9308417439460754
11,2015-02-25 23:52:00,The new range also includes an expected foreign exchange headwind of $175 million to $200 million.,0.12176200747489929,0.6492400169372559,0.22899805009365082,negative,-0.5274779796600342
12,2015-02-25 23:52:00,Fiscal 2016 adjusted earnings per share are expected to be $0.67 to $0.69.,0.07419392466545105,0.06830593943595886,0.8575001358985901,neutral,0.0058879852294921875
13,2015-02-25 23:52:00,"Wall Street, for its part, was looking for fiscal 2016 earnings and revenue of $0.69 per share and $6.51 billion, respectively.",0.0553307943046093,0.022863855585455894,0.9218053817749023,neutral,0.03246694058179855
14,2015-02-25 23:52:00,"In the end, this was a solid performance from Salesforce, whose solutions are securing new customers and growing quickly from an enormous base.",0.9481598138809204,0.016666188836097717,0.035173989832401276,positive,0.9314936399459839
15,2015-02-25 23:52:00,"Given its fourth-quarter results and impressive growth in deferred revenue, it's no surprise the market is bidding up the stock today.",0.8586811423301697,0.015384530648589134,0.12593433260917664,positive,0.8432965874671936
16,2015-02-25 23:52:00,"Apple forgot to show you something at its recent event, but a few Wall Street analysts and the Fool didn't miss a beat: There's a small company that's powering Apple's brand-new gadgets.",0.0451636016368866,0.12186315655708313,0.8329732418060303,neutral,-0.07669955492019653
17,2015-02-25 23:52:00,And its stock price has nearly unlimited room to run for early in-the-know investors.,0.31984880566596985,0.017700059339404106,0.6624511480331421,neutral,0.3021487593650818
18,2015-02-25 23:52:00,"To be one of them, just click here !",0.08763899654150009,0.07616403698921204,0.836197018623352,neutral,0.011474959552288055
19,2015-02-25 23:52:00,The article Why salesforce.com Inc. Stock Popped Today originally appeared on Fool.com.,0.01370984222739935,0.019395820796489716,0.9668943285942078,neutral,-0.005685978569090366
20,2015-02-25 23:52:00,Steve Symington owns shares of Apple.,0.025871526449918747,0.015955312177538872,0.9581732153892517,neutral,0.009916214272379875
21,2015-02-25 23:52:00,The Motley Fool recommends Apple and Salesforce.com.,0.02552022784948349,0.029912548139691353,0.9445672035217285,neutral,-0.004392320290207863
22,2015-02-25 23:52:00,The Motley Fool owns shares of Apple.,0.04145649075508118,0.024770189076662064,0.9337733387947083,neutral,0.016686301678419113
23,2015-02-25 23:52:00,Try any of our Foolish newsletter services free for 30 days .,0.02325451746582985,0.013860778883099556,0.9628846645355225,neutral,0.009393738582730293
24,2015-02-25 23:52:00,"We Fools may not all hold the same opinions, but we all believe that considering a diverse range of insights makes us better investors.",0.7942618727684021,0.015105843544006348,0.19063223898410797,positive,0.7791560292243958
25,2015-02-25 23:52:00,The Motley Fool has a disclosure policy .,0.016547108069062233,0.01730392687022686,0.9661489725112915,neutral,-0.0007568188011646271
26,2015-02-25 23:52:00,"Copyright © 1995 - 2015 The Motley Fool, LLC.",0.02793366275727749,0.023041872307658195,0.949024498462677,neutral,0.004891790449619293
27,2015-02-25 23:52:00,All rights reserved.,0.01556148286908865,0.01622452400624752,0.9682139754295349,neutral,-0.0006630411371588707
28,2015-02-25 23:52:00,The Motley Fool has a disclosure policy .,0.016547108069062233,0.01730392687022686,0.9661489725112915,neutral,-0.0007568188011646271
29,2015-02-25 23:52:00,"The views and opinions expressed herein are the views and opinions of the author and do not necessarily reflect those of Nasdaq, Inc.",0.010204561054706573,0.01563790813088417,0.9741575717926025,neutral,-0.005433347076177597
